navdatas = [
{"header":1432778632,"droneState":{"flying":0,"videoEnabled":0,"visionEnabled":1,"controlAlgorithm":0,"altitudeControlAlgorithm":1,"startButtonState":0,"controlCommandAck":1,"cameraReady":1,"travellingEnabled":0,"usbReady":0,"navdataDemo":1,"navdataBootstrap":0,"motorProblem":0,"communicationLost":0,"softwareFault":0,"lowBattery":0,"userEmergencyLanding":0,"timerElapsed":0,"MagnometerNeedsCalibration":0,"anglesOutOfRange":0,"tooMuchWind":0,"ultrasonicSensorDeaf":0,"cutoutDetected":0,"picVersionNumberOk":1,"atCodecThreadOn":1,"navdataThreadOn":1,"videoThreadOn":1,"acquisitionThreadOn":1,"controlWatchdogDelay":0,"adcWatchdogDelay":0,"comWatchdogProblem":1,"emergencyLanding":0},"sequenceNumber":10378,"visionFlag":1,"demo":{"controlState":"CTRL_LANDED","flyState":"FLYING_OK","batteryPercentage":23,"rotation":{"frontBack":-2.471,"pitch":-2.471,"theta":-2.471,"y":-2.471,"leftRight":-1.028,"roll":-1.028,"phi":-1.028,"x":-1.028,"clockwise":101.879,"yaw":101.879,"psi":101.879,"z":101.879},"frontBackDegrees":-2.471,"leftRightDegrees":-1.028,"clockwiseDegrees":101.879,"altitude":0.071,"altitudeMeters":0.071,"velocity":{"x":-3.3884105682373047,"y":-2.063749074935913,"z":0},"xVelocity":-3.3884105682373047,"yVelocity":-2.063749074935913,"zVelocity":0,"frameIndex":0,"detection":{"camera":{"rotation":{"m11":0,"m12":0,"m13":0,"m21":0,"m22":0,"m23":0,"m31":0,"m32":0,"m33":0},"translation":{"x":0,"y":0,"z":0},"type":3},"tagIndex":0},"drone":{"camera":{"rotation":{"m11":-0.7649868130683899,"m12":-0.6436882019042969,"m13":0.021462464705109596,"m21":0.6426010131835938,"m22":-0.7650776505470276,"m23":-0.0414733961224556,"m31":0.04311639070510864,"m32":-0.017934802919626236,"m33":0.9989091157913208},"translation":{"x":-0.5007708072662354,"y":-1.0156269073486328,"z":-245}}}},"visionDetect":{"nbDetected":0,"type":[0,0,0,0],"xc":[0,0,0,0],"yc":[0,0,0,0],"width":[0,0,0,0],"height":[0,0,0,0],"dist":[0,0,0,0],"orientationAngle":[0,0,0,0],"rotation":[{"m11":0,"m12":0,"m13":0,"m21":0,"m22":0,"m23":0,"m31":0,"m32":0,"m33":0},{"m11":0,"m12":0,"m13":0,"m21":0,"m22":0,"m23":0,"m31":0,"m32":0,"m33":0},{"m11":0,"m12":0,"m13":0,"m21":0,"m22":0,"m23":0,"m31":0,"m32":0,"m33":0},{"m11":0,"m12":0,"m13":0,"m21":0,"m22":0,"m23":0,"m31":0,"m32":0,"m33":0}],"translation":[{"x":0,"y":0,"z":0},{"x":0,"y":0,"z":0},{"x":0,"y":0,"z":0},{"x":0,"y":0,"z":0}],"cameraSource":[0,0,0,0]},"games":{"counters":{"doubleTap":2,"finishLine":0}},"magneto":{"mx":74,"my":-4,"mz":202,"raw":{"x":13.59375,"y":-253.21875,"z":-710.15625},"rectified":{"x":-75.56475067138672,"y":-163.51686096191406,"z":236.71640014648438},"offset":{"x":78.88187408447266,"y":-85.42428588867188,"z":-946.9365844726562},"heading":{"unwrapped":-3.6426939964294434,"gyroUnwrapped":0,"fusionUnwrapped":101.87944030761719},"ok":1,"state":257,"radius":7.78939593954089e+24,"error":{"mean":2058.828857421875,"variance":-2.0007319396743662e-18}},"hdvideoStream":{"hdvideoState":1,"storageFifo":{"nbPackets":790,"size":15344},"usbkey":{"size":0,"freespace":0,"remainingTime":0},"frameNumber":6827},"wifi":{"linkQuality":1}},
{"header":1432778632,"droneState":{"flying":0,"videoEnabled":0,"visionEnabled":1,"controlAlgorithm":0,"altitudeControlAlgorithm":1,"startButtonState":0,"controlCommandAck":1,"cameraReady":1,"travellingEnabled":0,"usbReady":0,"navdataDemo":1,"navdataBootstrap":0,"motorProblem":0,"communicationLost":0,"softwareFault":0,"lowBattery":0,"userEmergencyLanding":0,"timerElapsed":0,"MagnometerNeedsCalibration":0,"anglesOutOfRange":0,"tooMuchWind":0,"ultrasonicSensorDeaf":0,"cutoutDetected":0,"picVersionNumberOk":1,"atCodecThreadOn":1,"navdataThreadOn":1,"videoThreadOn":1,"acquisitionThreadOn":1,"controlWatchdogDelay":0,"adcWatchdogDelay":0,"comWatchdogProblem":0,"emergencyLanding":0},"sequenceNumber":10380,"visionFlag":1,"demo":{"controlState":"CTRL_LANDED","flyState":"FLYING_OK","batteryPercentage":23,"rotation":{"frontBack":-2.461,"pitch":-2.461,"theta":-2.461,"y":-2.461,"leftRight":-1.023,"roll":-1.023,"phi":-1.023,"x":-1.023,"clockwise":101.884,"yaw":101.884,"psi":101.884,"z":101.884},"frontBackDegrees":-2.461,"leftRightDegrees":-1.023,"clockwiseDegrees":101.884,"altitude":0.071,"altitudeMeters":0.071,"velocity":{"x":0.6484524011611938,"y":-1.0867681503295898,"z":0},"xVelocity":0.6484524011611938,"yVelocity":-1.0867681503295898,"zVelocity":0,"frameIndex":0,"detection":{"camera":{"rotation":{"m11":0,"m12":0,"m13":0,"m21":0,"m22":0,"m23":0,"m31":0,"m32":0,"m33":0},"translation":{"x":0,"y":0,"z":0},"type":3},"tagIndex":0},"drone":{"camera":{"rotation":{"m11":-0.7650550603866577,"m12":-0.6436096429824829,"m13":0.021393559873104095,"m21":0.6425312757492065,"m22":-0.7651459574699402,"m23":-0.041298240423202515,"m31":0.042949140071868896,"m32":-0.01784939132630825,"m33":0.9989177584648132},"translation":{"x":-0.5006715059280396,"y":-1.0156759023666382,"z":-245}}}},"visionDetect":{"nbDetected":0,"type":[0,0,0,0],"xc":[0,0,0,0],"yc":[0,0,0,0],"width":[0,0,0,0],"height":[0,0,0,0],"dist":[0,0,0,0],"orientationAngle":[0,0,0,0],"rotation":[{"m11":0,"m12":0,"m13":0,"m21":0,"m22":0,"m23":0,"m31":0,"m32":0,"m33":0},{"m11":0,"m12":0,"m13":0,"m21":0,"m22":0,"m23":0,"m31":0,"m32":0,"m33":0},{"m11":0,"m12":0,"m13":0,"m21":0,"m22":0,"m23":0,"m31":0,"m32":0,"m33":0},{"m11":0,"m12":0,"m13":0,"m21":0,"m22":0,"m23":0,"m31":0,"m32":0,"m33":0}],"translation":[{"x":0,"y":0,"z":0},{"x":0,"y":0,"z":0},{"x":0,"y":0,"z":0},{"x":0,"y":0,"z":0}],"cameraSource":[0,0,0,0]},"games":{"counters":{"doubleTap":2,"finishLine":0}},"magneto":{"mx":77,"my":-11,"mz":207,"raw":{"x":37.3828125,"y":-263.484375,"z":-727.734375},"rectified":{"x":-51.01044464111328,"y":-174.11541748046875,"z":220.36090087890625},"offset":{"x":78.88187408447266,"y":-85.42428588867188,"z":-946.9365844726562},"heading":{"unwrapped":-3.6426939964294434,"gyroUnwrapped":0,"fusionUnwrapped":101.88502502441406},"ok":1,"state":257,"radius":7.78939593954089e+24,"error":{"mean":17835.130859375,"variance":-8.814561976926653e-20}},"hdvideoStream":{"hdvideoState":1,"storageFifo":{"nbPackets":790,"size":15344},"usbkey":{"size":0,"freespace":0,"remainingTime":0},"frameNumber":6832},"wifi":{"linkQuality":1}},
{"header":1432778632,"droneState":{"flying":0,"videoEnabled":0,"visionEnabled":1,"controlAlgorithm":0,"altitudeControlAlgorithm":1,"startButtonState":0,"controlCommandAck":1,"cameraReady":1,"travellingEnabled":0,"usbReady":0,"navdataDemo":1,"navdataBootstrap":0,"motorProblem":0,"communicationLost":0,"softwareFault":0,"lowBattery":0,"userEmergencyLanding":0,"timerElapsed":0,"MagnometerNeedsCalibration":0,"anglesOutOfRange":0,"tooMuchWind":0,"ultrasonicSensorDeaf":0,"cutoutDetected":0,"picVersionNumberOk":1,"atCodecThreadOn":1,"navdataThreadOn":1,"videoThreadOn":1,"acquisitionThreadOn":1,"controlWatchdogDelay":0,"adcWatchdogDelay":0,"comWatchdogProblem":0,"emergencyLanding":0},"sequenceNumber":10381,"visionFlag":1,"demo":{"controlState":"CTRL_LANDED","flyState":"FLYING_OK","batteryPercentage":23,"rotation":{"frontBack":-2.455,"pitch":-2.455,"theta":-2.455,"y":-2.455,"leftRight":-1.015,"roll":-1.015,"phi":-1.015,"x":-1.015,"clockwise":101.886,"yaw":101.886,"psi":101.886,"z":101.886},"frontBackDegrees":-2.455,"leftRightDegrees":-1.015,"clockwiseDegrees":101.886,"altitude":0.071,"altitudeMeters":0.071,"velocity":{"x":-0.6574900150299072,"y":0.6229743361473083,"z":0},"xVelocity":-0.6574900150299072,"yVelocity":0.6229743361473083,"zVelocity":0,"frameIndex":0,"detection":{"camera":{"rotation":{"m11":0,"m12":0,"m13":0,"m21":0,"m22":0,"m23":0,"m31":0,"m32":0,"m33":0},"translation":{"x":0,"y":0,"z":0},"type":3},"tagIndex":0},"drone":{"camera":{"rotation":{"m11":-0.7650748491287231,"m12":-0.6435862183570862,"m13":0.021393749862909317,"m21":0.6425154805183411,"m22":-0.7651689052581787,"m23":-0.04112127050757408,"m31":0.04283490404486656,"m32":-0.017715029418468475,"m33":0.9989250898361206},"translation":{"x":-0.5006463527679443,"y":-1.0156883001327515,"z":-244}}}},"visionDetect":{"nbDetected":0,"type":[0,0,0,0],"xc":[0,0,0,0],"yc":[0,0,0,0],"width":[0,0,0,0],"height":[0,0,0,0],"dist":[0,0,0,0],"orientationAngle":[0,0,0,0],"rotation":[{"m11":0,"m12":0,"m13":0,"m21":0,"m22":0,"m23":0,"m31":0,"m32":0,"m33":0},{"m11":0,"m12":0,"m13":0,"m21":0,"m22":0,"m23":0,"m31":0,"m32":0,"m33":0},{"m11":0,"m12":0,"m13":0,"m21":0,"m22":0,"m23":0,"m31":0,"m32":0,"m33":0},{"m11":0,"m12":0,"m13":0,"m21":0,"m22":0,"m23":0,"m31":0,"m32":0,"m33":0}],"translation":[{"x":0,"y":0,"z":0},{"x":0,"y":0,"z":0},{"x":0,"y":0,"z":0},{"x":0,"y":0,"z":0}],"cameraSource":[0,0,0,0]},"games":{"counters":{"doubleTap":2,"finishLine":0}},"magneto":{"mx":77,"my":-5,"mz":203,"raw":{"x":16.9921875,"y":-263.484375,"z":-713.671875},"rectified":{"x":-71.95841979980469,"y":-173.89599609375,"z":233.5172576904297},"offset":{"x":78.88187408447266,"y":-85.42428588867188,"z":-946.9365844726562},"heading":{"unwrapped":-3.6426939964294434,"gyroUnwrapped":0,"fusionUnwrapped":101.88644409179688},"ok":1,"state":257,"radius":7.78939593954089e+24,"error":{"mean":250229.046875,"variance":-3.1743061176601265e-19}},"hdvideoStream":{"hdvideoState":1,"storageFifo":{"nbPackets":790,"size":15344},"usbkey":{"size":0,"freespace":0,"remainingTime":0},"frameNumber":6834},"wifi":{"linkQuality":1}},
{"header":1432778632,"droneState":{"flying":0,"videoEnabled":0,"visionEnabled":1,"controlAlgorithm":0,"altitudeControlAlgorithm":1,"startButtonState":0,"controlCommandAck":1,"cameraReady":1,"travellingEnabled":0,"usbReady":0,"navdataDemo":1,"navdataBootstrap":0,"motorProblem":0,"communicationLost":0,"softwareFault":0,"lowBattery":0,"userEmergencyLanding":0,"timerElapsed":0,"MagnometerNeedsCalibration":0,"anglesOutOfRange":0,"tooMuchWind":0,"ultrasonicSensorDeaf":0,"cutoutDetected":0,"picVersionNumberOk":1,"atCodecThreadOn":1,"navdataThreadOn":1,"videoThreadOn":1,"acquisitionThreadOn":1,"controlWatchdogDelay":0,"adcWatchdogDelay":0,"comWatchdogProblem":0,"emergencyLanding":0},"sequenceNumber":10382,"visionFlag":1,"demo":{"controlState":"CTRL_LANDED","flyState":"FLYING_OK","batteryPercentage":23,"rotation":{"frontBack":-2.451,"pitch":-2.451,"theta":-2.451,"y":-2.451,"leftRight":-1.011,"roll":-1.011,"phi":-1.011,"x":-1.011,"clockwise":101.89,"yaw":101.89,"psi":101.89,"z":101.89},"frontBackDegrees":-2.451,"leftRightDegrees":-1.011,"clockwiseDegrees":101.89,"altitude":0.071,"altitudeMeters":0.071,"velocity":{"x":0.22454452514648438,"y":-2.0239222049713135,"z":0},"xVelocity":0.22454452514648438,"yVelocity":-2.0239222049713135,"zVelocity":0,"frameIndex":0,"detection":{"camera":{"rotation":{"m11":0,"m12":0,"m13":0,"m21":0,"m22":0,"m23":0,"m31":0,"m32":0,"m33":0},"translation":{"x":0,"y":0,"z":0},"type":3},"tagIndex":0},"drone":{"camera":{"rotation":{"m11":-0.7651188373565674,"m12":-0.6435329914093018,"m13":0.02140837162733078,"m21":0.6424663066864014,"m22":-0.7652152180671692,"m23":-0.04101958125829697,"m31":0.04277946799993515,"m32":-0.017630696296691895,"m33":0.998928964138031},"translation":{"x":-0.5005789995193481,"y":-1.0157214403152466,"z":-245}}}},"visionDetect":{"nbDetected":0,"type":[0,0,0,0],"xc":[0,0,0,0],"yc":[0,0,0,0],"width":[0,0,0,0],"height":[0,0,0,0],"dist":[0,0,0,0],"orientationAngle":[0,0,0,0],"rotation":[{"m11":0,"m12":0,"m13":0,"m21":0,"m22":0,"m23":0,"m31":0,"m32":0,"m33":0},{"m11":0,"m12":0,"m13":0,"m21":0,"m22":0,"m23":0,"m31":0,"m32":0,"m33":0},{"m11":0,"m12":0,"m13":0,"m21":0,"m22":0,"m23":0,"m31":0,"m32":0,"m33":0},{"m11":0,"m12":0,"m13":0,"m21":0,"m22":0,"m23":0,"m31":0,"m32":0,"m33":0}],"translation":[{"x":0,"y":0,"z":0},{"x":0,"y":0,"z":0},{"x":0,"y":0,"z":0},{"x":0,"y":0,"z":0}],"cameraSource":[0,0,0,0]},"games":{"counters":{"doubleTap":2,"finishLine":0}},"magneto":{"mx":76,"my":-6,"mz":204,"raw":{"x":20.390625,"y":-260.0625,"z":-717.1875},"rectified":{"x":-68.39655303955078,"y":-170.55665588378906,"z":230.07977294921875},"offset":{"x":78.88187408447266,"y":-85.42428588867188,"z":-946.9365844726562},"heading":{"unwrapped":-3.6426939964294434,"gyroUnwrapped":0,"fusionUnwrapped":101.89022827148438},"ok":1,"state":257,"radius":7.78939593954089e+24,"error":{"mean":101104.5234375,"variance":-9.920998764277583e-20}},"hdvideoStream":{"hdvideoState":1,"storageFifo":{"nbPackets":790,"size":15344},"usbkey":{"size":0,"freespace":0,"remainingTime":0},"frameNumber":6836},"wifi":{"linkQuality":1}},
{"header":1432778632,"droneState":{"flying":0,"videoEnabled":0,"visionEnabled":1,"controlAlgorithm":0,"altitudeControlAlgorithm":1,"startButtonState":0,"controlCommandAck":1,"cameraReady":1,"travellingEnabled":0,"usbReady":0,"navdataDemo":1,"navdataBootstrap":0,"motorProblem":0,"communicationLost":0,"softwareFault":0,"lowBattery":0,"userEmergencyLanding":0,"timerElapsed":0,"MagnometerNeedsCalibration":0,"anglesOutOfRange":0,"tooMuchWind":0,"ultrasonicSensorDeaf":0,"cutoutDetected":0,"picVersionNumberOk":1,"atCodecThreadOn":1,"navdataThreadOn":1,"videoThreadOn":1,"acquisitionThreadOn":1,"controlWatchdogDelay":0,"adcWatchdogDelay":0,"comWatchdogProblem":0,"emergencyLanding":0},"sequenceNumber":10383,"visionFlag":1,"demo":{"controlState":"CTRL_LANDED","flyState":"FLYING_OK","batteryPercentage":23,"rotation":{"frontBack":-2.447,"pitch":-2.447,"theta":-2.447,"y":-2.447,"leftRight":-1.007,"roll":-1.007,"phi":-1.007,"x":-1.007,"clockwise":101.892,"yaw":101.892,"psi":101.892,"z":101.892},"frontBackDegrees":-2.447,"leftRightDegrees":-1.007,"clockwiseDegrees":101.892,"altitude":0.071,"altitudeMeters":0.071,"velocity":{"x":-0.3538738489151001,"y":-0.5610527992248535,"z":0},"xVelocity":-0.3538738489151001,"yVelocity":-0.5610527992248535,"zVelocity":0,"frameIndex":0,"detection":{"camera":{"rotation":{"m11":0,"m12":0,"m13":0,"m21":0,"m22":0,"m23":0,"m31":0,"m32":0,"m33":0},"translation":{"x":0,"y":0,"z":0},"type":3},"tagIndex":0},"drone":{"camera":{"rotation":{"m11":-0.7651450037956238,"m12":-0.643502950668335,"m13":0.021389391273260117,"m21":0.6424407958984375,"m22":-0.7652422785758972,"m23":-0.04092030972242355,"m31":0.042700398713350296,"m32":-0.017568547278642654,"m33":0.9989334344863892},"translation":{"x":-0.5005422234535217,"y":-1.0157396793365479,"z":-245}}}},"visionDetect":{"nbDetected":0,"type":[0,0,0,0],"xc":[0,0,0,0],"yc":[0,0,0,0],"width":[0,0,0,0],"height":[0,0,0,0],"dist":[0,0,0,0],"orientationAngle":[0,0,0,0],"rotation":[{"m11":0,"m12":0,"m13":0,"m21":0,"m22":0,"m23":0,"m31":0,"m32":0,"m33":0},{"m11":0,"m12":0,"m13":0,"m21":0,"m22":0,"m23":0,"m31":0,"m32":0,"m33":0},{"m11":0,"m12":0,"m13":0,"m21":0,"m22":0,"m23":0,"m31":0,"m32":0,"m33":0},{"m11":0,"m12":0,"m13":0,"m21":0,"m22":0,"m23":0,"m31":0,"m32":0,"m33":0}],"translation":[{"x":0,"y":0,"z":0},{"x":0,"y":0,"z":0},{"x":0,"y":0,"z":0},{"x":0,"y":0,"z":0}],"cameraSource":[0,0,0,0]},"games":{"counters":{"doubleTap":2,"finishLine":0}},"magneto":{"mx":76,"my":-8,"mz":204,"raw":{"x":27.1875,"y":-260.0625,"z":-717.1875},"rectified":{"x":-61.587215423583984,"y":-170.5711669921875,"z":230.36480712890625},"offset":{"x":78.88187408447266,"y":-85.42428588867188,"z":-946.9365844726562},"heading":{"unwrapped":-3.6426939964294434,"gyroUnwrapped":0,"fusionUnwrapped":101.89230346679688},"ok":1,"state":257,"radius":7.78939593954089e+24,"error":{"mean":9943.0654296875,"variance":-1.0722887864312707e-16}},"hdvideoStream":{"hdvideoState":1,"storageFifo":{"nbPackets":790,"size":15344},"usbkey":{"size":0,"freespace":0,"remainingTime":0},"frameNumber":6838},"wifi":{"linkQuality":1}},
{"header":1432778632,"droneState":{"flying":0,"videoEnabled":0,"visionEnabled":1,"controlAlgorithm":0,"altitudeControlAlgorithm":1,"startButtonState":0,"controlCommandAck":1,"cameraReady":1,"travellingEnabled":0,"usbReady":0,"navdataDemo":1,"navdataBootstrap":0,"motorProblem":0,"communicationLost":0,"softwareFault":0,"lowBattery":0,"userEmergencyLanding":0,"timerElapsed":0,"MagnometerNeedsCalibration":0,"anglesOutOfRange":0,"tooMuchWind":0,"ultrasonicSensorDeaf":0,"cutoutDetected":0,"picVersionNumberOk":1,"atCodecThreadOn":1,"navdataThreadOn":1,"videoThreadOn":1,"acquisitionThreadOn":1,"controlWatchdogDelay":0,"adcWatchdogDelay":0,"comWatchdogProblem":0,"emergencyLanding":0},"sequenceNumber":10384,"visionFlag":1,"demo":{"controlState":"CTRL_LANDED","flyState":"FLYING_OK","batteryPercentage":23,"rotation":{"frontBack":-2.445,"pitch":-2.445,"theta":-2.445,"y":-2.445,"leftRight":-1,"roll":-1,"phi":-1,"x":-1,"clockwise":101.894,"yaw":101.894,"psi":101.894,"z":101.894},"frontBackDegrees":-2.445,"leftRightDegrees":-1,"clockwiseDegrees":101.894,"altitude":0.071,"altitudeMeters":0.071,"velocity":{"x":1.0746252536773682,"y":0.8035533428192139,"z":0},"xVelocity":1.0746252536773682,"yVelocity":0.8035533428192139,"zVelocity":0,"frameIndex":0,"detection":{"camera":{"rotation":{"m11":0,"m12":0,"m13":0,"m21":0,"m22":0,"m23":0,"m31":0,"m32":0,"m33":0},"translation":{"x":0,"y":0,"z":0},"type":3},"tagIndex":0},"drone":{"camera":{"rotation":{"m11":-0.7651754021644592,"m12":-0.6434644460678101,"m13":0.021453741937875748,"m21":0.6424061059951782,"m22":-0.7652773857116699,"m23":-0.0408044196665287,"m31":0.04267425462603569,"m32":-0.017440520226955414,"m33":0.9989368319511414},"translation":{"x":-0.5004956722259521,"y":-1.0157625675201416,"z":-244}}}},"visionDetect":{"nbDetected":0,"type":[0,0,0,0],"xc":[0,0,0,0],"yc":[0,0,0,0],"width":[0,0,0,0],"height":[0,0,0,0],"dist":[0,0,0,0],"orientationAngle":[0,0,0,0],"rotation":[{"m11":0,"m12":0,"m13":0,"m21":0,"m22":0,"m23":0,"m31":0,"m32":0,"m33":0},{"m11":0,"m12":0,"m13":0,"m21":0,"m22":0,"m23":0,"m31":0,"m32":0,"m33":0},{"m11":0,"m12":0,"m13":0,"m21":0,"m22":0,"m23":0,"m31":0,"m32":0,"m33":0},{"m11":0,"m12":0,"m13":0,"m21":0,"m22":0,"m23":0,"m31":0,"m32":0,"m33":0}],"translation":[{"x":0,"y":0,"z":0},{"x":0,"y":0,"z":0},{"x":0,"y":0,"z":0},{"x":0,"y":0,"z":0}],"cameraSource":[0,0,0,0]},"games":{"counters":{"doubleTap":2,"finishLine":0}},"magneto":{"mx":74,"my":-8,"mz":202,"raw":{"x":27.1875,"y":-253.21875,"z":-710.15625},"rectified":{"x":-61.87516784667969,"y":-163.6355743408203,"z":237.24899291992188},"offset":{"x":78.88187408447266,"y":-85.42428588867188,"z":-946.9365844726562},"heading":{"unwrapped":-3.6426939964294434,"gyroUnwrapped":0,"fusionUnwrapped":101.89495849609375},"ok":1,"state":257,"radius":7.78939593954089e+24,"error":{"mean":875.0978393554688,"variance":-3.709047291522438e-7}},"hdvideoStream":{"hdvideoState":1,"storageFifo":{"nbPackets":790,"size":15344},"usbkey":{"size":0,"freespace":0,"remainingTime":0},"frameNumber":6840},"wifi":{"linkQuality":1}},
{"header":1432778632,"droneState":{"flying":0,"videoEnabled":0,"visionEnabled":1,"controlAlgorithm":0,"altitudeControlAlgorithm":1,"startButtonState":0,"controlCommandAck":1,"cameraReady":1,"travellingEnabled":0,"usbReady":0,"navdataDemo":1,"navdataBootstrap":0,"motorProblem":0,"communicationLost":0,"softwareFault":0,"lowBattery":0,"userEmergencyLanding":0,"timerElapsed":0,"MagnometerNeedsCalibration":0,"anglesOutOfRange":0,"tooMuchWind":0,"ultrasonicSensorDeaf":0,"cutoutDetected":0,"picVersionNumberOk":1,"atCodecThreadOn":1,"navdataThreadOn":1,"videoThreadOn":1,"acquisitionThreadOn":1,"controlWatchdogDelay":0,"adcWatchdogDelay":0,"comWatchdogProblem":0,"emergencyLanding":0},"sequenceNumber":10385,"visionFlag":1,"demo":{"controlState":"CTRL_LANDED","flyState":"FLYING_OK","batteryPercentage":23,"rotation":{"frontBack":-2.443,"pitch":-2.443,"theta":-2.443,"y":-2.443,"leftRight":-0.992,"roll":-0.992,"phi":-0.992,"x":-0.992,"clockwise":101.897,"yaw":101.897,"psi":101.897,"z":101.897},"frontBackDegrees":-2.443,"leftRightDegrees":-0.992,"clockwiseDegrees":101.897,"altitude":0.071,"altitudeMeters":0.071,"velocity":{"x":0.5907310247421265,"y":1.8766608238220215,"z":0},"xVelocity":0.5907310247421265,"yVelocity":1.8766608238220215,"zVelocity":0,"frameIndex":0,"detection":{"camera":{"rotation":{"m11":0,"m12":0,"m13":0,"m21":0,"m22":0,"m23":0,"m31":0,"m32":0,"m33":0},"translation":{"x":0,"y":0,"z":0},"type":3},"tagIndex":0},"drone":{"camera":{"rotation":{"m11":-0.7652044892311096,"m12":-0.6434280276298523,"m13":0.021512266248464584,"m21":0.6423744559288025,"m22":-0.7653113007545471,"m23":-0.04066884517669678,"m31":0.04263104870915413,"m32":-0.01730104349553585,"m33":0.9989410638809204},"translation":{"x":-0.5004520416259766,"y":-1.0157840251922607,"z":-245}}}},"visionDetect":{"nbDetected":0,"type":[0,0,0,0],"xc":[0,0,0,0],"yc":[0,0,0,0],"width":[0,0,0,0],"height":[0,0,0,0],"dist":[0,0,0,0],"orientationAngle":[0,0,0,0],"rotation":[{"m11":0,"m12":0,"m13":0,"m21":0,"m22":0,"m23":0,"m31":0,"m32":0,"m33":0},{"m11":0,"m12":0,"m13":0,"m21":0,"m22":0,"m23":0,"m31":0,"m32":0,"m33":0},{"m11":0,"m12":0,"m13":0,"m21":0,"m22":0,"m23":0,"m31":0,"m32":0,"m33":0},{"m11":0,"m12":0,"m13":0,"m21":0,"m22":0,"m23":0,"m31":0,"m32":0,"m33":0}],"translation":[{"x":0,"y":0,"z":0},{"x":0,"y":0,"z":0},{"x":0,"y":0,"z":0},{"x":0,"y":0,"z":0}],"cameraSource":[0,0,0,0]},"games":{"counters":{"doubleTap":2,"finishLine":0}},"magneto":{"mx":76,"my":-8,"mz":206,"raw":{"x":27.1875,"y":-260.0625,"z":-724.21875},"rectified":{"x":-61.26957702636719,"y":-170.75527954101562,"z":223.2996368408203},"offset":{"x":78.88187408447266,"y":-85.42428588867188,"z":-946.9365844726562},"heading":{"unwrapped":-3.6426939964294434,"gyroUnwrapped":0,"fusionUnwrapped":101.89741516113281},"ok":1,"state":257,"radius":7.78939593954089e+24,"error":{"mean":812.1915893554688,"variance":-2.1435315744611216e-8}},"hdvideoStream":{"hdvideoState":1,"storageFifo":{"nbPackets":790,"size":15344},"usbkey":{"size":0,"freespace":0,"remainingTime":0},"frameNumber":6841},"wifi":{"linkQuality":1}},
{"header":1432778632,"droneState":{"flying":0,"videoEnabled":0,"visionEnabled":1,"controlAlgorithm":0,"altitudeControlAlgorithm":1,"startButtonState":0,"controlCommandAck":1,"cameraReady":1,"travellingEnabled":0,"usbReady":0,"navdataDemo":1,"navdataBootstrap":0,"motorProblem":0,"communicationLost":0,"softwareFault":0,"lowBattery":0,"userEmergencyLanding":0,"timerElapsed":0,"MagnometerNeedsCalibration":0,"anglesOutOfRange":0,"tooMuchWind":0,"ultrasonicSensorDeaf":0,"cutoutDetected":0,"picVersionNumberOk":1,"atCodecThreadOn":1,"navdataThreadOn":1,"videoThreadOn":1,"acquisitionThreadOn":1,"controlWatchdogDelay":0,"adcWatchdogDelay":0,"comWatchdogProblem":0,"emergencyLanding":0},"sequenceNumber":10386,"visionFlag":1,"demo":{"controlState":"CTRL_LANDED","flyState":"FLYING_OK","batteryPercentage":23,"rotation":{"frontBack":-2.443,"pitch":-2.443,"theta":-2.443,"y":-2.443,"leftRight":-0.984,"roll":-0.984,"phi":-0.984,"x":-0.984,"clockwise":101.901,"yaw":101.901,"psi":101.901,"z":101.901},"frontBackDegrees":-2.443,"leftRightDegrees":-0.984,"clockwiseDegrees":101.901,"altitude":0.071,"altitudeMeters":0.071,"velocity":{"x":0.6603477001190186,"y":1.2920949459075928,"z":0},"xVelocity":0.6603477001190186,"yVelocity":1.2920949459075928,"zVelocity":0,"frameIndex":0,"detection":{"camera":{"rotation":{"m11":0,"m12":0,"m13":0,"m21":0,"m22":0,"m23":0,"m31":0,"m32":0,"m33":0},"translation":{"x":0,"y":0,"z":0},"type":3},"tagIndex":0},"drone":{"camera":{"rotation":{"m11":-0.7652533650398254,"m12":-0.6433668732643127,"m13":0.021593598648905754,"m21":0.6423162817955017,"m22":-0.7653653621673584,"m23":-0.04056590050458908,"m31":0.04262574762105942,"m32":-0.017173271626234055,"m33":0.9989435076713562},"translation":{"x":-0.5003746151924133,"y":-1.015822172164917,"z":-245}}}},"visionDetect":{"nbDetected":0,"type":[0,0,0,0],"xc":[0,0,0,0],"yc":[0,0,0,0],"width":[0,0,0,0],"height":[0,0,0,0],"dist":[0,0,0,0],"orientationAngle":[0,0,0,0],"rotation":[{"m11":0,"m12":0,"m13":0,"m21":0,"m22":0,"m23":0,"m31":0,"m32":0,"m33":0},{"m11":0,"m12":0,"m13":0,"m21":0,"m22":0,"m23":0,"m31":0,"m32":0,"m33":0},{"m11":0,"m12":0,"m13":0,"m21":0,"m22":0,"m23":0,"m31":0,"m32":0,"m33":0},{"m11":0,"m12":0,"m13":0,"m21":0,"m22":0,"m23":0,"m31":0,"m32":0,"m33":0}],"translation":[{"x":0,"y":0,"z":0},{"x":0,"y":0,"z":0},{"x":0,"y":0,"z":0},{"x":0,"y":0,"z":0}],"cameraSource":[0,0,0,0]},"games":{"counters":{"doubleTap":2,"finishLine":0}},"magneto":{"mx":79,"my":-9,"mz":207,"raw":{"x":30.5859375,"y":-270.328125,"z":-727.734375},"rectified":{"x":-57.72979736328125,"y":-181.10867309570312,"z":220.08737182617188},"offset":{"x":78.88187408447266,"y":-85.42428588867188,"z":-946.9365844726562},"heading":{"unwrapped":-3.6426939964294434,"gyroUnwrapped":0,"fusionUnwrapped":101.90177154541016},"ok":1,"state":257,"radius":7.78939593954089e+24,"error":{"mean":149.4424285888672,"variance":-1.0391199026590784e-15}},"hdvideoStream":{"hdvideoState":1,"storageFifo":{"nbPackets":790,"size":15344},"usbkey":{"size":0,"freespace":0,"remainingTime":0},"frameNumber":6843},"wifi":{"linkQuality":1}},
{"header":1432778632,"droneState":{"flying":0,"videoEnabled":0,"visionEnabled":1,"controlAlgorithm":0,"altitudeControlAlgorithm":1,"startButtonState":0,"controlCommandAck":1,"cameraReady":1,"travellingEnabled":0,"usbReady":0,"navdataDemo":1,"navdataBootstrap":0,"motorProblem":0,"communicationLost":0,"softwareFault":0,"lowBattery":0,"userEmergencyLanding":0,"timerElapsed":0,"MagnometerNeedsCalibration":0,"anglesOutOfRange":0,"tooMuchWind":0,"ultrasonicSensorDeaf":0,"cutoutDetected":0,"picVersionNumberOk":1,"atCodecThreadOn":1,"navdataThreadOn":1,"videoThreadOn":1,"acquisitionThreadOn":1,"controlWatchdogDelay":0,"adcWatchdogDelay":0,"comWatchdogProblem":0,"emergencyLanding":0},"sequenceNumber":10387,"visionFlag":1,"demo":{"controlState":"CTRL_LANDED","flyState":"FLYING_OK","batteryPercentage":23,"rotation":{"frontBack":-2.439,"pitch":-2.439,"theta":-2.439,"y":-2.439,"leftRight":-0.977,"roll":-0.977,"phi":-0.977,"x":-0.977,"clockwise":101.902,"yaw":101.902,"psi":101.902,"z":101.902},"frontBackDegrees":-2.439,"leftRightDegrees":-0.977,"clockwiseDegrees":101.902,"altitude":0.071,"altitudeMeters":0.071,"velocity":{"x":1.6334424018859863,"y":1.1012707948684692,"z":0},"xVelocity":1.6334424018859863,"yVelocity":1.1012707948684692,"zVelocity":0,"frameIndex":0,"detection":{"camera":{"rotation":{"m11":0,"m12":0,"m13":0,"m21":0,"m22":0,"m23":0,"m31":0,"m32":0,"m33":0},"translation":{"x":0,"y":0,"z":0},"type":3},"tagIndex":0},"drone":{"camera":{"rotation":{"m11":-0.7652601599693298,"m12":-0.6433582305908203,"m13":0.021620536223053932,"m21":0.6423130035400391,"m22":-0.765375554561615,"m23":-0.04043012484908104,"m31":0.042558878660202026,"m32":-0.017052408307790756,"m33":0.9989484548568726},"translation":{"x":-0.5003678202629089,"y":-1.0158255100250244,"z":-244}}}},"visionDetect":{"nbDetected":0,"type":[0,0,0,0],"xc":[0,0,0,0],"yc":[0,0,0,0],"width":[0,0,0,0],"height":[0,0,0,0],"dist":[0,0,0,0],"orientationAngle":[0,0,0,0],"rotation":[{"m11":0,"m12":0,"m13":0,"m21":0,"m22":0,"m23":0,"m31":0,"m32":0,"m33":0},{"m11":0,"m12":0,"m13":0,"m21":0,"m22":0,"m23":0,"m31":0,"m32":0,"m33":0},{"m11":0,"m12":0,"m13":0,"m21":0,"m22":0,"m23":0,"m31":0,"m32":0,"m33":0},{"m11":0,"m12":0,"m13":0,"m21":0,"m22":0,"m23":0,"m31":0,"m32":0,"m33":0}],"translation":[{"x":0,"y":0,"z":0},{"x":0,"y":0,"z":0},{"x":0,"y":0,"z":0},{"x":0,"y":0,"z":0}],"cameraSource":[0,0,0,0]},"games":{"counters":{"doubleTap":2,"finishLine":0}},"magneto":{"mx":78,"my":-6,"mz":202,"raw":{"x":20.390625,"y":-266.90625,"z":-710.15625},"rectified":{"x":-68.64572143554688,"y":-177.4141845703125,"z":237.13671875},"offset":{"x":78.88187408447266,"y":-85.42428588867188,"z":-946.9365844726562},"heading":{"unwrapped":-3.6426939964294434,"gyroUnwrapped":0,"fusionUnwrapped":101.90216827392578},"ok":1,"state":257,"radius":7.78939593954089e+24,"error":{"mean":119.6782455444336,"variance":-1.26636867801204e-15}},"hdvideoStream":{"hdvideoState":1,"storageFifo":{"nbPackets":790,"size":15344},"usbkey":{"size":0,"freespace":0,"remainingTime":0},"frameNumber":6845},"wifi":{"linkQuality":1}},
{"header":1432778632,"droneState":{"flying":0,"videoEnabled":0,"visionEnabled":1,"controlAlgorithm":0,"altitudeControlAlgorithm":1,"startButtonState":0,"controlCommandAck":1,"cameraReady":1,"travellingEnabled":0,"usbReady":0,"navdataDemo":1,"navdataBootstrap":0,"motorProblem":0,"communicationLost":0,"softwareFault":0,"lowBattery":0,"userEmergencyLanding":0,"timerElapsed":0,"MagnometerNeedsCalibration":0,"anglesOutOfRange":0,"tooMuchWind":0,"ultrasonicSensorDeaf":0,"cutoutDetected":0,"picVersionNumberOk":1,"atCodecThreadOn":1,"navdataThreadOn":1,"videoThreadOn":1,"acquisitionThreadOn":1,"controlWatchdogDelay":0,"adcWatchdogDelay":0,"comWatchdogProblem":0,"emergencyLanding":0},"sequenceNumber":10388,"visionFlag":1,"demo":{"controlState":"CTRL_LANDED","flyState":"FLYING_OK","batteryPercentage":23,"rotation":{"frontBack":-2.437,"pitch":-2.437,"theta":-2.437,"y":-2.437,"leftRight":-0.977,"roll":-0.977,"phi":-0.977,"x":-0.977,"clockwise":101.904,"yaw":101.904,"psi":101.904,"z":101.904},"frontBackDegrees":-2.437,"leftRightDegrees":-0.977,"clockwiseDegrees":101.904,"altitude":0.071,"altitudeMeters":0.071,"velocity":{"x":0.5647764205932617,"y":2.4619274139404297,"z":0},"xVelocity":0.5647764205932617,"yVelocity":2.4619274139404297,"zVelocity":0,"frameIndex":0,"detection":{"camera":{"rotation":{"m11":0,"m12":0,"m13":0,"m21":0,"m22":0,"m23":0,"m31":0,"m32":0,"m33":0},"translation":{"x":0,"y":0,"z":0},"type":3},"tagIndex":0},"drone":{"camera":{"rotation":{"m11":-0.7652921080589294,"m12":-0.6433204412460327,"m13":0.02161211520433426,"m21":0.6422766447067261,"m22":-0.7654076218605042,"m23":-0.040400430560112,"m31":0.04253249615430832,"m32":-0.01703716814517975,"m33":0.9989497661590576},"translation":{"x":-0.5003183484077454,"y":-1.0158498287200928,"z":-245}}}},"visionDetect":{"nbDetected":0,"type":[0,0,0,0],"xc":[0,0,0,0],"yc":[0,0,0,0],"width":[0,0,0,0],"height":[0,0,0,0],"dist":[0,0,0,0],"orientationAngle":[0,0,0,0],"rotation":[{"m11":0,"m12":0,"m13":0,"m21":0,"m22":0,"m23":0,"m31":0,"m32":0,"m33":0},{"m11":0,"m12":0,"m13":0,"m21":0,"m22":0,"m23":0,"m31":0,"m32":0,"m33":0},{"m11":0,"m12":0,"m13":0,"m21":0,"m22":0,"m23":0,"m31":0,"m32":0,"m33":0},{"m11":0,"m12":0,"m13":0,"m21":0,"m22":0,"m23":0,"m31":0,"m32":0,"m33":0}],"translation":[{"x":0,"y":0,"z":0},{"x":0,"y":0,"z":0},{"x":0,"y":0,"z":0},{"x":0,"y":0,"z":0}],"cameraSource":[0,0,0,0]},"games":{"counters":{"doubleTap":2,"finishLine":0}},"magneto":{"mx":79,"my":-9,"mz":205,"raw":{"x":30.5859375,"y":-270.328125,"z":-720.703125},"rectified":{"x":-58.00721740722656,"y":-181.0190887451172,"z":227.09194946289062},"offset":{"x":78.88187408447266,"y":-85.42428588867188,"z":-946.9365844726562},"heading":{"unwrapped":-3.6426939964294434,"gyroUnwrapped":0,"fusionUnwrapped":101.90494537353516},"ok":1,"state":257,"radius":7.78939593954089e+24,"error":{"mean":246.9463348388672,"variance":-8.487786482772736e-14}},"hdvideoStream":{"hdvideoState":1,"storageFifo":{"nbPackets":790,"size":15344},"usbkey":{"size":0,"freespace":0,"remainingTime":0},"frameNumber":6847},"wifi":{"linkQuality":1}},
{"header":1432778632,"droneState":{"flying":0,"videoEnabled":0,"visionEnabled":1,"controlAlgorithm":0,"altitudeControlAlgorithm":1,"startButtonState":0,"controlCommandAck":1,"cameraReady":1,"travellingEnabled":0,"usbReady":0,"navdataDemo":1,"navdataBootstrap":0,"motorProblem":0,"communicationLost":0,"softwareFault":0,"lowBattery":0,"userEmergencyLanding":0,"timerElapsed":0,"MagnometerNeedsCalibration":0,"anglesOutOfRange":0,"tooMuchWind":0,"ultrasonicSensorDeaf":0,"cutoutDetected":0,"picVersionNumberOk":1,"atCodecThreadOn":1,"navdataThreadOn":1,"videoThreadOn":1,"acquisitionThreadOn":1,"controlWatchdogDelay":0,"adcWatchdogDelay":0,"comWatchdogProblem":0,"emergencyLanding":0},"sequenceNumber":10389,"visionFlag":1,"demo":{"controlState":"CTRL_LANDED","flyState":"FLYING_OK","batteryPercentage":23,"rotation":{"frontBack":-2.432,"pitch":-2.432,"theta":-2.432,"y":-2.432,"leftRight":-0.972,"roll":-0.972,"phi":-0.972,"x":-0.972,"clockwise":101.905,"yaw":101.905,"psi":101.905,"z":101.905},"frontBackDegrees":-2.432,"leftRightDegrees":-0.972,"clockwiseDegrees":101.905,"altitude":0.071,"altitudeMeters":0.071,"velocity":{"x":0.6332945227622986,"y":3.90962290763855,"z":0},"xVelocity":0.6332945227622986,"yVelocity":3.90962290763855,"zVelocity":0,"frameIndex":0,"detection":{"camera":{"rotation":{"m11":0,"m12":0,"m13":0,"m21":0,"m22":0,"m23":0,"m31":0,"m32":0,"m33":0},"translation":{"x":0,"y":0,"z":0},"type":3},"tagIndex":0},"drone":{"camera":{"rotation":{"m11":-0.7653051018714905,"m12":-0.6433053016662598,"m13":0.021600835025310516,"m21":0.6422667503356934,"m22":-0.7654221653938293,"m23":-0.04028064012527466,"m31":0.042446501553058624,"m32":-0.016953477635979652,"m33":0.9989548921585083},"translation":{"x":-0.5003019571304321,"y":-1.0158579349517822,"z":-245}}}},"visionDetect":{"nbDetected":0,"type":[0,0,0,0],"xc":[0,0,0,0],"yc":[0,0,0,0],"width":[0,0,0,0],"height":[0,0,0,0],"dist":[0,0,0,0],"orientationAngle":[0,0,0,0],"rotation":[{"m11":0,"m12":0,"m13":0,"m21":0,"m22":0,"m23":0,"m31":0,"m32":0,"m33":0},{"m11":0,"m12":0,"m13":0,"m21":0,"m22":0,"m23":0,"m31":0,"m32":0,"m33":0},{"m11":0,"m12":0,"m13":0,"m21":0,"m22":0,"m23":0,"m31":0,"m32":0,"m33":0},{"m11":0,"m12":0,"m13":0,"m21":0,"m22":0,"m23":0,"m31":0,"m32":0,"m33":0}],"translation":[{"x":0,"y":0,"z":0},{"x":0,"y":0,"z":0},{"x":0,"y":0,"z":0},{"x":0,"y":0,"z":0}],"cameraSource":[0,0,0,0]},"games":{"counters":{"doubleTap":2,"finishLine":0}},"magneto":{"mx":80,"my":-6,"mz":208,"raw":{"x":20.390625,"y":-273.75,"z":-731.25},"rectified":{"x":-67.72799682617188,"y":-184.63865661621094,"z":216.17117309570312},"offset":{"x":78.88187408447266,"y":-85.42428588867188,"z":-946.9365844726562},"heading":{"unwrapped":-3.6426939964294434,"gyroUnwrapped":0,"fusionUnwrapped":101.9058609008789},"ok":1,"state":257,"radius":7.78939593954089e+24,"error":{"mean":1.322548270225525,"variance":-28.484745025634766}},"hdvideoStream":{"hdvideoState":1,"storageFifo":{"nbPackets":790,"size":15344},"usbkey":{"size":0,"freespace":0,"remainingTime":0},"frameNumber":6849},"wifi":{"linkQuality":1}},
{"header":1432778632,"droneState":{"flying":0,"videoEnabled":0,"visionEnabled":1,"controlAlgorithm":0,"altitudeControlAlgorithm":1,"startButtonState":0,"controlCommandAck":1,"cameraReady":1,"travellingEnabled":0,"usbReady":0,"navdataDemo":1,"navdataBootstrap":0,"motorProblem":0,"communicationLost":0,"softwareFault":0,"lowBattery":0,"userEmergencyLanding":0,"timerElapsed":0,"MagnometerNeedsCalibration":0,"anglesOutOfRange":0,"tooMuchWind":0,"ultrasonicSensorDeaf":0,"cutoutDetected":0,"picVersionNumberOk":1,"atCodecThreadOn":1,"navdataThreadOn":1,"videoThreadOn":1,"acquisitionThreadOn":1,"controlWatchdogDelay":0,"adcWatchdogDelay":0,"comWatchdogProblem":0,"emergencyLanding":0},"sequenceNumber":10391,"visionFlag":1,"demo":{"controlState":"CTRL_LANDED","flyState":"FLYING_OK","batteryPercentage":23,"rotation":{"frontBack":-2.488,"pitch":-2.488,"theta":-2.488,"y":-2.488,"leftRight":-0.971,"roll":-0.971,"phi":-0.971,"x":-0.971,"clockwise":101.94,"yaw":101.94,"psi":101.94,"z":101.94},"frontBackDegrees":-2.488,"leftRightDegrees":-0.971,"clockwiseDegrees":101.94,"altitude":0.071,"altitudeMeters":0.071,"velocity":{"x":-15.28093433380127,"y":0.6501508355140686,"z":0},"xVelocity":-15.28093433380127,"yVelocity":0.6501508355140686,"zVelocity":0,"frameIndex":0,"detection":{"camera":{"rotation":{"m11":0,"m12":0,"m13":0,"m21":0,"m22":0,"m23":0,"m31":0,"m32":0,"m33":0},"translation":{"x":0,"y":0,"z":0},"type":3},"tagIndex":0},"drone":{"camera":{"rotation":{"m11":-0.7656646370887756,"m12":-0.6428510546684265,"m13":0.022376760840415955,"m21":0.641773521900177,"m22":-0.7658042311668396,"m23":-0.04087884724140167,"m31":0.043415218591690063,"m32":-0.016938665881752968,"m33":0.9989135265350342},"translation":{"x":-0.499682754278183,"y":-1.0161627531051636,"z":-245}}}},"visionDetect":{"nbDetected":0,"type":[0,0,0,0],"xc":[0,0,0,0],"yc":[0,0,0,0],"width":[0,0,0,0],"height":[0,0,0,0],"dist":[0,0,0,0],"orientationAngle":[0,0,0,0],"rotation":[{"m11":0,"m12":0,"m13":0,"m21":0,"m22":0,"m23":0,"m31":0,"m32":0,"m33":0},{"m11":0,"m12":0,"m13":0,"m21":0,"m22":0,"m23":0,"m31":0,"m32":0,"m33":0},{"m11":0,"m12":0,"m13":0,"m21":0,"m22":0,"m23":0,"m31":0,"m32":0,"m33":0},{"m11":0,"m12":0,"m13":0,"m21":0,"m22":0,"m23":0,"m31":0,"m32":0,"m33":0}],"translation":[{"x":0,"y":0,"z":0},{"x":0,"y":0,"z":0},{"x":0,"y":0,"z":0},{"x":0,"y":0,"z":0}],"cameraSource":[0,0,0,0]},"games":{"counters":{"doubleTap":2,"finishLine":0}},"magneto":{"mx":75,"my":-7,"mz":205,"raw":{"x":23.7890625,"y":-256.640625,"z":-720.703125},"rectified":{"x":-64.98745727539062,"y":-167.35601806640625,"z":226.4959716796875},"offset":{"x":78.88187408447266,"y":-85.42428588867188,"z":-946.9365844726562},"heading":{"unwrapped":-3.6426939964294434,"gyroUnwrapped":0,"fusionUnwrapped":101.94078826904297},"ok":1,"state":257,"radius":7.78939593954089e+24,"error":{"mean":0.3118763864040375,"variance":-0.0005221479805186391}},"hdvideoStream":{"hdvideoState":1,"storageFifo":{"nbPackets":790,"size":15344},"usbkey":{"size":0,"freespace":0,"remainingTime":0},"frameNumber":6853},"wifi":{"linkQuality":1}},
{"header":1432778632,"droneState":{"flying":0,"videoEnabled":0,"visionEnabled":1,"controlAlgorithm":0,"altitudeControlAlgorithm":1,"startButtonState":0,"controlCommandAck":1,"cameraReady":1,"travellingEnabled":0,"usbReady":0,"navdataDemo":1,"navdataBootstrap":0,"motorProblem":0,"communicationLost":0,"softwareFault":0,"lowBattery":0,"userEmergencyLanding":0,"timerElapsed":0,"MagnometerNeedsCalibration":0,"anglesOutOfRange":0,"tooMuchWind":0,"ultrasonicSensorDeaf":0,"cutoutDetected":0,"picVersionNumberOk":1,"atCodecThreadOn":1,"navdataThreadOn":1,"videoThreadOn":1,"acquisitionThreadOn":1,"controlWatchdogDelay":0,"adcWatchdogDelay":0,"comWatchdogProblem":0,"emergencyLanding":0},"sequenceNumber":10392,"visionFlag":1,"demo":{"controlState":"CTRL_LANDED","flyState":"FLYING_OK","batteryPercentage":23,"rotation":{"frontBack":-2.476,"pitch":-2.476,"theta":-2.476,"y":-2.476,"leftRight":-0.982,"roll":-0.982,"phi":-0.982,"x":-0.982,"clockwise":101.95,"yaw":101.95,"psi":101.95,"z":101.95},"frontBackDegrees":-2.476,"leftRightDegrees":-0.982,"clockwiseDegrees":101.95,"altitude":0.071,"altitudeMeters":0.071,"velocity":{"x":-2.552483320236206,"y":-0.5880662798881531,"z":0},"xVelocity":-2.552483320236206,"yVelocity":-0.5880662798881531,"zVelocity":0,"frameIndex":0,"detection":{"camera":{"rotation":{"m11":0,"m12":0,"m13":0,"m21":0,"m22":0,"m23":0,"m31":0,"m32":0,"m33":0},"translation":{"x":0,"y":0,"z":0},"type":3},"tagIndex":0},"drone":{"camera":{"rotation":{"m11":-0.7657777667045593,"m12":-0.64272540807724,"m13":0.022094834595918655,"m21":0.6416520476341248,"m22":-0.7659047842025757,"m23":-0.04089328274130821,"m31":0.04320569708943367,"m32":-0.017137978225946426,"m33":0.9989191889762878},"translation":{"x":-0.4995141923427582,"y":-1.0162456035614014,"z":-245}}}},"visionDetect":{"nbDetected":0,"type":[0,0,0,0],"xc":[0,0,0,0],"yc":[0,0,0,0],"width":[0,0,0,0],"height":[0,0,0,0],"dist":[0,0,0,0],"orientationAngle":[0,0,0,0],"rotation":[{"m11":0,"m12":0,"m13":0,"m21":0,"m22":0,"m23":0,"m31":0,"m32":0,"m33":0},{"m11":0,"m12":0,"m13":0,"m21":0,"m22":0,"m23":0,"m31":0,"m32":0,"m33":0},{"m11":0,"m12":0,"m13":0,"m21":0,"m22":0,"m23":0,"m31":0,"m32":0,"m33":0},{"m11":0,"m12":0,"m13":0,"m21":0,"m22":0,"m23":0,"m31":0,"m32":0,"m33":0}],"translation":[{"x":0,"y":0,"z":0},{"x":0,"y":0,"z":0},{"x":0,"y":0,"z":0},{"x":0,"y":0,"z":0}],"cameraSource":[0,0,0,0]},"games":{"counters":{"doubleTap":2,"finishLine":0}},"magneto":{"mx":80,"my":-6,"mz":202,"raw":{"x":20.390625,"y":-273.75,"z":-710.15625},"rectified":{"x":-68.80496215820312,"y":-184.2362823486328,"z":237.22476196289062},"offset":{"x":78.88187408447266,"y":-85.42428588867188,"z":-946.9365844726562},"heading":{"unwrapped":-3.6426939964294434,"gyroUnwrapped":0,"fusionUnwrapped":101.95027923583984},"ok":1,"state":257,"radius":7.78939593954089e+24,"error":{"mean":2.05366587638855,"variance":-4.0245813626160754e-11}},"hdvideoStream":{"hdvideoState":1,"storageFifo":{"nbPackets":790,"size":15344},"usbkey":{"size":0,"freespace":0,"remainingTime":0},"frameNumber":6855},"wifi":{"linkQuality":1}},
