navdata = [
{"header":1432778632,"droneState":{"flying":0,"videoEnabled":0,"visionEnabled":0,"controlAlgorithm":0,"altitudeControlAlgorithm":1,"startButtonState":0,"controlCommandAck":1,"cameraReady":1,"travellingEnabled":0,"usbReady":0,"navdataDemo":1,"navdataBootstrap":0,"motorProblem":0,"communicationLost":0,"softwareFault":0,"lowBattery":0,"userEmergencyLanding":0,"timerElapsed":1,"MagnometerNeedsCalibration":0,"anglesOutOfRange":1,"tooMuchWind":0,"ultrasonicSensorDeaf":0,"cutoutDetected":0,"picVersionNumberOk":1,"atCodecThreadOn":1,"navdataThreadOn":1,"videoThreadOn":1,"acquisitionThreadOn":1,"controlWatchdogDelay":0,"adcWatchdogDelay":0,"comWatchdogProblem":1,"emergencyLanding":1},"sequenceNumber":21215,"visionFlag":0,"demo":{"controlState":"CTRL_DEFAULT","flyState":"FLYING_OK","batteryPercentage":93,"rotation":{"frontBack":0.785,"pitch":0.785,"theta":0.785,"y":0.785,"leftRight":0.521,"roll":0.521,"phi":0.521,"x":0.521,"clockwise":129.712,"yaw":129.712,"psi":129.712,"z":129.712},"frontBackDegrees":0.785,"leftRightDegrees":0.521,"clockwiseDegrees":129.712,"altitude":0,"altitudeMeters":0,"velocity":{"x":0,"y":0,"z":0},"xVelocity":0,"yVelocity":0,"zVelocity":0,"frameIndex":0,"detection":{"camera":{"rotation":{"m11":0,"m12":0,"m13":0,"m21":0,"m22":0,"m23":0,"m31":0,"m32":0,"m33":0},"translation":{"x":0,"y":0,"z":0},"type":3},"tagIndex":0},"drone":{"camera":{"rotation":{"m11":-0.6388806700706482,"m12":-0.7693039178848267,"m13":-0.0017608897760510445,"m21":0.769183874130249,"m22":-0.6388183832168579,"m23":0.016351686790585518,"m31":-0.01370430551469326,"m32":0.009092327207326889,"m33":0.9998647570610046},"translation":{"x":0,"y":0,"z":-239}}}},"visionDetect":{"nbDetected":0,"type":[0,0,0,0],"xc":[0,0,0,0],"yc":[0,0,0,0],"width":[0,0,0,0],"height":[0,0,0,0],"dist":[0,0,0,0],"orientationAngle":[0,0,0,0],"rotation":[{"m11":0,"m12":0,"m13":0,"m21":0,"m22":0,"m23":0,"m31":0,"m32":0,"m33":0},{"m11":0,"m12":0,"m13":0,"m21":0,"m22":0,"m23":0,"m31":0,"m32":0,"m33":0},{"m11":0,"m12":0,"m13":0,"m21":0,"m22":0,"m23":0,"m31":0,"m32":0,"m33":0},{"m11":0,"m12":0,"m13":0,"m21":0,"m22":0,"m23":0,"m31":0,"m32":0,"m33":0}],"translation":[{"x":0,"y":0,"z":0},{"x":0,"y":0,"z":0},{"x":0,"y":0,"z":0},{"x":0,"y":0,"z":0}],"cameraSource":[0,0,0,0]}},
{"header":1432778632,"droneState":{"flying":0,"videoEnabled":0,"visionEnabled":0,"controlAlgorithm":0,"altitudeControlAlgorithm":1,"startButtonState":0,"controlCommandAck":1,"cameraReady":1,"travellingEnabled":0,"usbReady":0,"navdataDemo":1,"navdataBootstrap":0,"motorProblem":0,"communicationLost":0,"softwareFault":0,"lowBattery":0,"userEmergencyLanding":0,"timerElapsed":0,"MagnometerNeedsCalibration":0,"anglesOutOfRange":0,"tooMuchWind":0,"ultrasonicSensorDeaf":0,"cutoutDetected":0,"picVersionNumberOk":1,"atCodecThreadOn":1,"navdataThreadOn":1,"videoThreadOn":1,"acquisitionThreadOn":1,"controlWatchdogDelay":0,"adcWatchdogDelay":0,"comWatchdogProblem":0,"emergencyLanding":0},"sequenceNumber":21216,"visionFlag":0,"demo":{"controlState":"CTRL_LANDED","flyState":"FLYING_OK","batteryPercentage":93,"rotation":{"frontBack":0.73,"pitch":0.73,"theta":0.73,"y":0.73,"leftRight":0.774,"roll":0.774,"phi":0.774,"x":0.774,"clockwise":129.668,"yaw":129.668,"psi":129.668,"z":129.668},"frontBackDegrees":0.73,"leftRightDegrees":0.774,"clockwiseDegrees":129.668,"altitude":0,"altitudeMeters":0,"velocity":{"x":0,"y":0,"z":0},"xVelocity":0,"yVelocity":0,"zVelocity":0,"frameIndex":0,"detection":{"camera":{"rotation":{"m11":0,"m12":0,"m13":0,"m21":0,"m22":0,"m23":0,"m31":0,"m32":0,"m33":0},"translation":{"x":0,"y":0,"z":0},"type":3},"tagIndex":0},"drone":{"camera":{"rotation":{"m11":-0.6382976174354553,"m12":-0.769786536693573,"m13":0.0022668382152915,"m21":0.769684374332428,"m22":-0.6381586194038391,"m23":0.01843513548374176,"m31":-0.012744516134262085,"m32":0.013511850498616695,"m33":0.99982750415802},"translation":{"x":0,"y":0,"z":-240}}}},"visionDetect":{"nbDetected":0,"type":[0,0,0,0],"xc":[0,0,0,0],"yc":[0,0,0,0],"width":[0,0,0,0],"height":[0,0,0,0],"dist":[0,0,0,0],"orientationAngle":[0,0,0,0],"rotation":[{"m11":0,"m12":0,"m13":0,"m21":0,"m22":0,"m23":0,"m31":0,"m32":0,"m33":0},{"m11":0,"m12":0,"m13":0,"m21":0,"m22":0,"m23":0,"m31":0,"m32":0,"m33":0},{"m11":0,"m12":0,"m13":0,"m21":0,"m22":0,"m23":0,"m31":0,"m32":0,"m33":0},{"m11":0,"m12":0,"m13":0,"m21":0,"m22":0,"m23":0,"m31":0,"m32":0,"m33":0}],"translation":[{"x":0,"y":0,"z":0},{"x":0,"y":0,"z":0},{"x":0,"y":0,"z":0},{"x":0,"y":0,"z":0}],"cameraSource":[0,0,0,0]}},
{"header":1432778632,"droneState":{"flying":0,"videoEnabled":0,"visionEnabled":0,"controlAlgorithm":0,"altitudeControlAlgorithm":1,"startButtonState":0,"controlCommandAck":1,"cameraReady":1,"travellingEnabled":0,"usbReady":0,"navdataDemo":1,"navdataBootstrap":0,"motorProblem":0,"communicationLost":0,"softwareFault":0,"lowBattery":0,"userEmergencyLanding":0,"timerElapsed":0,"MagnometerNeedsCalibration":0,"anglesOutOfRange":0,"tooMuchWind":0,"ultrasonicSensorDeaf":0,"cutoutDetected":0,"picVersionNumberOk":1,"atCodecThreadOn":1,"navdataThreadOn":1,"videoThreadOn":1,"acquisitionThreadOn":1,"controlWatchdogDelay":0,"adcWatchdogDelay":0,"comWatchdogProblem":0,"emergencyLanding":0},"sequenceNumber":21217,"visionFlag":0,"demo":{"controlState":"CTRL_LANDED","flyState":"FLYING_OK","batteryPercentage":93,"rotation":{"frontBack":0.737,"pitch":0.737,"theta":0.737,"y":0.737,"leftRight":0.759,"roll":0.759,"phi":0.759,"x":0.759,"clockwise":129.626,"yaw":129.626,"psi":129.626,"z":129.626},"frontBackDegrees":0.737,"leftRightDegrees":0.759,"clockwiseDegrees":129.626,"altitude":0,"altitudeMeters":0,"velocity":{"x":0,"y":0,"z":0},"xVelocity":0,"yVelocity":0,"zVelocity":0,"frameIndex":0,"detection":{"camera":{"rotation":{"m11":0,"m12":0,"m13":0,"m21":0,"m22":0,"m23":0,"m31":0,"m32":0,"m33":0},"translation":{"x":0,"y":0,"z":0},"type":3},"tagIndex":0},"drone":{"camera":{"rotation":{"m11":-0.6377211809158325,"m12":-0.770264744758606,"m13":0.0019979244098067284,"m21":0.7701597213745117,"m22":-0.6375866532325745,"m23":0.01836593635380268,"m31":-0.012872783467173576,"m32":0.013251067139208317,"m33":0.9998293519020081},"translation":{"x":0,"y":0,"z":-240}}}},"visionDetect":{"nbDetected":0,"type":[0,0,0,0],"xc":[0,0,0,0],"yc":[0,0,0,0],"width":[0,0,0,0],"height":[0,0,0,0],"dist":[0,0,0,0],"orientationAngle":[0,0,0,0],"rotation":[{"m11":0,"m12":0,"m13":0,"m21":0,"m22":0,"m23":0,"m31":0,"m32":0,"m33":0},{"m11":0,"m12":0,"m13":0,"m21":0,"m22":0,"m23":0,"m31":0,"m32":0,"m33":0},{"m11":0,"m12":0,"m13":0,"m21":0,"m22":0,"m23":0,"m31":0,"m32":0,"m33":0},{"m11":0,"m12":0,"m13":0,"m21":0,"m22":0,"m23":0,"m31":0,"m32":0,"m33":0}],"translation":[{"x":0,"y":0,"z":0},{"x":0,"y":0,"z":0},{"x":0,"y":0,"z":0},{"x":0,"y":0,"z":0}],"cameraSource":[0,0,0,0]}},
{"header":1432778632,"droneState":{"flying":0,"videoEnabled":0,"visionEnabled":0,"controlAlgorithm":0,"altitudeControlAlgorithm":1,"startButtonState":0,"controlCommandAck":1,"cameraReady":1,"travellingEnabled":0,"usbReady":0,"navdataDemo":1,"navdataBootstrap":0,"motorProblem":0,"communicationLost":0,"softwareFault":0,"lowBattery":0,"userEmergencyLanding":0,"timerElapsed":0,"MagnometerNeedsCalibration":0,"anglesOutOfRange":0,"tooMuchWind":0,"ultrasonicSensorDeaf":0,"cutoutDetected":0,"picVersionNumberOk":1,"atCodecThreadOn":1,"navdataThreadOn":1,"videoThreadOn":1,"acquisitionThreadOn":1,"controlWatchdogDelay":0,"adcWatchdogDelay":0,"comWatchdogProblem":0,"emergencyLanding":0},"sequenceNumber":21218,"visionFlag":0,"demo":{"controlState":"CTRL_LANDED","flyState":"FLYING_OK","batteryPercentage":93,"rotation":{"frontBack":0.736,"pitch":0.736,"theta":0.736,"y":0.736,"leftRight":0.756,"roll":0.756,"phi":0.756,"x":0.756,"clockwise":129.584,"yaw":129.584,"psi":129.584,"z":129.584},"frontBackDegrees":0.736,"leftRightDegrees":0.756,"clockwiseDegrees":129.584,"altitude":0,"altitudeMeters":0,"velocity":{"x":0,"y":0,"z":0},"xVelocity":0,"yVelocity":0,"zVelocity":0,"frameIndex":0,"detection":{"camera":{"rotation":{"m11":0,"m12":0,"m13":0,"m21":0,"m22":0,"m23":0,"m31":0,"m32":0,"m33":0},"translation":{"x":0,"y":0,"z":0},"type":3},"tagIndex":0},"drone":{"camera":{"rotation":{"m11":-0.6371685862541199,"m12":-0.7707219123840332,"m13":0.0019890833646059036,"m21":0.7706172466278076,"m22":-0.6370347738265991,"m23":0.018322821706533432,"m31":-0.012854685075581074,"m32":0.01320754736661911,"m33":0.9998301863670349},"translation":{"x":0,"y":0,"z":-239}}}},"visionDetect":{"nbDetected":0,"type":[0,0,0,0],"xc":[0,0,0,0],"yc":[0,0,0,0],"width":[0,0,0,0],"height":[0,0,0,0],"dist":[0,0,0,0],"orientationAngle":[0,0,0,0],"rotation":[{"m11":0,"m12":0,"m13":0,"m21":0,"m22":0,"m23":0,"m31":0,"m32":0,"m33":0},{"m11":0,"m12":0,"m13":0,"m21":0,"m22":0,"m23":0,"m31":0,"m32":0,"m33":0},{"m11":0,"m12":0,"m13":0,"m21":0,"m22":0,"m23":0,"m31":0,"m32":0,"m33":0},{"m11":0,"m12":0,"m13":0,"m21":0,"m22":0,"m23":0,"m31":0,"m32":0,"m33":0}],"translation":[{"x":0,"y":0,"z":0},{"x":0,"y":0,"z":0},{"x":0,"y":0,"z":0},{"x":0,"y":0,"z":0}],"cameraSource":[0,0,0,0]}},
{"header":1432778632,"droneState":{"flying":0,"videoEnabled":0,"visionEnabled":0,"controlAlgorithm":0,"altitudeControlAlgorithm":1,"startButtonState":0,"controlCommandAck":1,"cameraReady":1,"travellingEnabled":0,"usbReady":0,"navdataDemo":1,"navdataBootstrap":0,"motorProblem":0,"communicationLost":0,"softwareFault":0,"lowBattery":0,"userEmergencyLanding":0,"timerElapsed":0,"MagnometerNeedsCalibration":0,"anglesOutOfRange":0,"tooMuchWind":0,"ultrasonicSensorDeaf":0,"cutoutDetected":0,"picVersionNumberOk":1,"atCodecThreadOn":1,"navdataThreadOn":1,"videoThreadOn":1,"acquisitionThreadOn":1,"controlWatchdogDelay":0,"adcWatchdogDelay":0,"comWatchdogProblem":0,"emergencyLanding":0},"sequenceNumber":21219,"visionFlag":0,"demo":{"controlState":"CTRL_LANDED","flyState":"FLYING_OK","batteryPercentage":93,"rotation":{"frontBack":0.733,"pitch":0.733,"theta":0.733,"y":0.733,"leftRight":0.74,"roll":0.74,"phi":0.74,"x":0.74,"clockwise":129.541,"yaw":129.541,"psi":129.541,"z":129.541},"frontBackDegrees":0.733,"leftRightDegrees":0.74,"clockwiseDegrees":129.541,"altitude":0,"altitudeMeters":0,"velocity":{"x":0,"y":0,"z":0},"xVelocity":0,"yVelocity":0,"zVelocity":0,"frameIndex":0,"detection":{"camera":{"rotation":{"m11":0,"m12":0,"m13":0,"m21":0,"m22":0,"m23":0,"m31":0,"m32":0,"m33":0},"translation":{"x":0,"y":0,"z":0},"type":3},"tagIndex":0},"drone":{"camera":{"rotation":{"m11":-0.6365880370140076,"m12":-0.7712019085884094,"m13":0.0018185372464358807,"m21":0.7710978388786316,"m22":-0.6364595293998718,"m23":0.018093451857566833,"m31":-0.012796279042959213,"m32":0.012920345179736614,"m33":0.9998346567153931},"translation":{"x":0,"y":0,"z":-240}}}},"visionDetect":{"nbDetected":0,"type":[0,0,0,0],"xc":[0,0,0,0],"yc":[0,0,0,0],"width":[0,0,0,0],"height":[0,0,0,0],"dist":[0,0,0,0],"orientationAngle":[0,0,0,0],"rotation":[{"m11":0,"m12":0,"m13":0,"m21":0,"m22":0,"m23":0,"m31":0,"m32":0,"m33":0},{"m11":0,"m12":0,"m13":0,"m21":0,"m22":0,"m23":0,"m31":0,"m32":0,"m33":0},{"m11":0,"m12":0,"m13":0,"m21":0,"m22":0,"m23":0,"m31":0,"m32":0,"m33":0},{"m11":0,"m12":0,"m13":0,"m21":0,"m22":0,"m23":0,"m31":0,"m32":0,"m33":0}],"translation":[{"x":0,"y":0,"z":0},{"x":0,"y":0,"z":0},{"x":0,"y":0,"z":0},{"x":0,"y":0,"z":0}],"cameraSource":[0,0,0,0]}},
{"header":1432778632,"droneState":{"flying":0,"videoEnabled":0,"visionEnabled":0,"controlAlgorithm":0,"altitudeControlAlgorithm":1,"startButtonState":0,"controlCommandAck":1,"cameraReady":1,"travellingEnabled":0,"usbReady":0,"navdataDemo":1,"navdataBootstrap":0,"motorProblem":0,"communicationLost":0,"softwareFault":0,"lowBattery":0,"userEmergencyLanding":0,"timerElapsed":0,"MagnometerNeedsCalibration":0,"anglesOutOfRange":0,"tooMuchWind":0,"ultrasonicSensorDeaf":0,"cutoutDetected":0,"picVersionNumberOk":1,"atCodecThreadOn":1,"navdataThreadOn":1,"videoThreadOn":1,"acquisitionThreadOn":1,"controlWatchdogDelay":0,"adcWatchdogDelay":0,"comWatchdogProblem":0,"emergencyLanding":0},"sequenceNumber":21220,"visionFlag":0,"demo":{"controlState":"CTRL_LANDED","flyState":"FLYING_OK","batteryPercentage":93,"rotation":{"frontBack":0.73,"pitch":0.73,"theta":0.73,"y":0.73,"leftRight":0.73,"roll":0.73,"phi":0.73,"x":0.73,"clockwise":129.499,"yaw":129.499,"psi":129.499,"z":129.499},"frontBackDegrees":0.73,"leftRightDegrees":0.73,"clockwiseDegrees":129.499,"altitude":0,"altitudeMeters":0,"velocity":{"x":0,"y":0,"z":0},"xVelocity":0,"yVelocity":0,"zVelocity":0,"frameIndex":0,"detection":{"camera":{"rotation":{"m11":0,"m12":0,"m13":0,"m21":0,"m22":0,"m23":0,"m31":0,"m32":0,"m33":0},"translation":{"x":0,"y":0,"z":0},"type":3},"tagIndex":0},"drone":{"camera":{"rotation":{"m11":-0.6360257267951965,"m12":-0.7716660499572754,"m13":0.0017394493333995342,"m21":0.7715628147125244,"m22":-0.6359001398086548,"m23":0.017944928258657455,"m31":-0.012741375714540482,"m32":0.012755528092384338,"m33":0.9998374581336975},"translation":{"x":0,"y":0,"z":-240}}}},"visionDetect":{"nbDetected":0,"type":[0,0,0,0],"xc":[0,0,0,0],"yc":[0,0,0,0],"width":[0,0,0,0],"height":[0,0,0,0],"dist":[0,0,0,0],"orientationAngle":[0,0,0,0],"rotation":[{"m11":0,"m12":0,"m13":0,"m21":0,"m22":0,"m23":0,"m31":0,"m32":0,"m33":0},{"m11":0,"m12":0,"m13":0,"m21":0,"m22":0,"m23":0,"m31":0,"m32":0,"m33":0},{"m11":0,"m12":0,"m13":0,"m21":0,"m22":0,"m23":0,"m31":0,"m32":0,"m33":0},{"m11":0,"m12":0,"m13":0,"m21":0,"m22":0,"m23":0,"m31":0,"m32":0,"m33":0}],"translation":[{"x":0,"y":0,"z":0},{"x":0,"y":0,"z":0},{"x":0,"y":0,"z":0},{"x":0,"y":0,"z":0}],"cameraSource":[0,0,0,0]}},
{"header":1432778632,"droneState":{"flying":0,"videoEnabled":0,"visionEnabled":0,"controlAlgorithm":0,"altitudeControlAlgorithm":1,"startButtonState":0,"controlCommandAck":1,"cameraReady":1,"travellingEnabled":0,"usbReady":0,"navdataDemo":1,"navdataBootstrap":0,"motorProblem":0,"communicationLost":0,"softwareFault":0,"lowBattery":0,"userEmergencyLanding":0,"timerElapsed":0,"MagnometerNeedsCalibration":0,"anglesOutOfRange":0,"tooMuchWind":0,"ultrasonicSensorDeaf":0,"cutoutDetected":0,"picVersionNumberOk":1,"atCodecThreadOn":1,"navdataThreadOn":1,"videoThreadOn":1,"acquisitionThreadOn":1,"controlWatchdogDelay":0,"adcWatchdogDelay":0,"comWatchdogProblem":0,"emergencyLanding":0},"sequenceNumber":21221,"visionFlag":0,"demo":{"controlState":"CTRL_LANDED","flyState":"FLYING_OK","batteryPercentage":93,"rotation":{"frontBack":0.731,"pitch":0.731,"theta":0.731,"y":0.731,"leftRight":0.732,"roll":0.732,"phi":0.732,"x":0.732,"clockwise":129.458,"yaw":129.458,"psi":129.458,"z":129.458},"frontBackDegrees":0.731,"leftRightDegrees":0.732,"clockwiseDegrees":129.458,"altitude":0,"altitudeMeters":0,"velocity":{"x":0,"y":0,"z":0},"xVelocity":0,"yVelocity":0,"zVelocity":0,"frameIndex":0,"detection":{"camera":{"rotation":{"m11":0,"m12":0,"m13":0,"m21":0,"m22":0,"m23":0,"m31":0,"m32":0,"m33":0},"translation":{"x":0,"y":0,"z":0},"type":3},"tagIndex":0},"drone":{"camera":{"rotation":{"m11":-0.6354666352272034,"m12":-0.7721264362335205,"m13":0.0017582448199391365,"m21":0.7720229625701904,"m22":-0.6353405117988586,"m23":0.017977559939026833,"m31":-0.012763864360749722,"m32":0.012781543657183647,"m33":0.999836802482605},"translation":{"x":0,"y":0,"z":-240}}}},"visionDetect":{"nbDetected":0,"type":[0,0,0,0],"xc":[0,0,0,0],"yc":[0,0,0,0],"width":[0,0,0,0],"height":[0,0,0,0],"dist":[0,0,0,0],"orientationAngle":[0,0,0,0],"rotation":[{"m11":0,"m12":0,"m13":0,"m21":0,"m22":0,"m23":0,"m31":0,"m32":0,"m33":0},{"m11":0,"m12":0,"m13":0,"m21":0,"m22":0,"m23":0,"m31":0,"m32":0,"m33":0},{"m11":0,"m12":0,"m13":0,"m21":0,"m22":0,"m23":0,"m31":0,"m32":0,"m33":0},{"m11":0,"m12":0,"m13":0,"m21":0,"m22":0,"m23":0,"m31":0,"m32":0,"m33":0}],"translation":[{"x":0,"y":0,"z":0},{"x":0,"y":0,"z":0},{"x":0,"y":0,"z":0},{"x":0,"y":0,"z":0}],"cameraSource":[0,0,0,0]}},
{"header":1432778632,"droneState":{"flying":0,"videoEnabled":0,"visionEnabled":0,"controlAlgorithm":0,"altitudeControlAlgorithm":1,"startButtonState":0,"controlCommandAck":1,"cameraReady":1,"travellingEnabled":0,"usbReady":0,"navdataDemo":1,"navdataBootstrap":0,"motorProblem":0,"communicationLost":0,"softwareFault":0,"lowBattery":0,"userEmergencyLanding":0,"timerElapsed":0,"MagnometerNeedsCalibration":0,"anglesOutOfRange":0,"tooMuchWind":0,"ultrasonicSensorDeaf":0,"cutoutDetected":0,"picVersionNumberOk":1,"atCodecThreadOn":1,"navdataThreadOn":1,"videoThreadOn":1,"acquisitionThreadOn":1,"controlWatchdogDelay":0,"adcWatchdogDelay":0,"comWatchdogProblem":0,"emergencyLanding":0},"sequenceNumber":21222,"visionFlag":0,"demo":{"controlState":"CTRL_LANDED","flyState":"FLYING_OK","batteryPercentage":93,"rotation":{"frontBack":0.726,"pitch":0.726,"theta":0.726,"y":0.726,"leftRight":0.718,"roll":0.718,"phi":0.718,"x":0.718,"clockwise":129.413,"yaw":129.413,"psi":129.413,"z":129.413},"frontBackDegrees":0.726,"leftRightDegrees":0.718,"clockwiseDegrees":129.413,"altitude":0,"altitudeMeters":0,"velocity":{"x":0,"y":0,"z":0},"xVelocity":0,"yVelocity":0,"zVelocity":0,"frameIndex":0,"detection":{"camera":{"rotation":{"m11":0,"m12":0,"m13":0,"m21":0,"m22":0,"m23":0,"m31":0,"m32":0,"m33":0},"translation":{"x":0,"y":0,"z":0},"type":3},"tagIndex":0},"drone":{"camera":{"rotation":{"m11":-0.6348565816879272,"m12":-0.7726285457611084,"m13":0.0016423766501247883,"m21":0.7725263833999634,"m22":-0.6347348690032959,"m23":0.017753150314092636,"m31":-0.012674115598201752,"m32":0.01253947801887989,"m33":0.9998410940170288},"translation":{"x":0,"y":0,"z":-240}}}},"visionDetect":{"nbDetected":0,"type":[0,0,0,0],"xc":[0,0,0,0],"yc":[0,0,0,0],"width":[0,0,0,0],"height":[0,0,0,0],"dist":[0,0,0,0],"orientationAngle":[0,0,0,0],"rotation":[{"m11":0,"m12":0,"m13":0,"m21":0,"m22":0,"m23":0,"m31":0,"m32":0,"m33":0},{"m11":0,"m12":0,"m13":0,"m21":0,"m22":0,"m23":0,"m31":0,"m32":0,"m33":0},{"m11":0,"m12":0,"m13":0,"m21":0,"m22":0,"m23":0,"m31":0,"m32":0,"m33":0},{"m11":0,"m12":0,"m13":0,"m21":0,"m22":0,"m23":0,"m31":0,"m32":0,"m33":0}],"translation":[{"x":0,"y":0,"z":0},{"x":0,"y":0,"z":0},{"x":0,"y":0,"z":0},{"x":0,"y":0,"z":0}],"cameraSource":[0,0,0,0]}},
{"header":1432778632,"droneState":{"flying":0,"videoEnabled":0,"visionEnabled":0,"controlAlgorithm":0,"altitudeControlAlgorithm":1,"startButtonState":0,"controlCommandAck":1,"cameraReady":1,"travellingEnabled":0,"usbReady":0,"navdataDemo":1,"navdataBootstrap":0,"motorProblem":0,"communicationLost":0,"softwareFault":0,"lowBattery":0,"userEmergencyLanding":0,"timerElapsed":0,"MagnometerNeedsCalibration":0,"anglesOutOfRange":0,"tooMuchWind":0,"ultrasonicSensorDeaf":0,"cutoutDetected":0,"picVersionNumberOk":1,"atCodecThreadOn":1,"navdataThreadOn":1,"videoThreadOn":1,"acquisitionThreadOn":1,"controlWatchdogDelay":0,"adcWatchdogDelay":0,"comWatchdogProblem":0,"emergencyLanding":0},"sequenceNumber":21223,"visionFlag":0,"demo":{"controlState":"CTRL_LANDED","flyState":"FLYING_OK","batteryPercentage":93,"rotation":{"frontBack":0.725,"pitch":0.725,"theta":0.725,"y":0.725,"leftRight":0.711,"roll":0.711,"phi":0.711,"x":0.711,"clockwise":129.37,"yaw":129.37,"psi":129.37,"z":129.37},"frontBackDegrees":0.725,"leftRightDegrees":0.711,"clockwiseDegrees":129.37,"altitude":0,"altitudeMeters":0,"velocity":{"x":0,"y":0,"z":0},"xVelocity":0,"yVelocity":0,"zVelocity":0,"frameIndex":0,"detection":{"camera":{"rotation":{"m11":0,"m12":0,"m13":0,"m21":0,"m22":0,"m23":0,"m31":0,"m32":0,"m33":0},"translation":{"x":0,"y":0,"z":0},"type":3},"tagIndex":0},"drone":{"camera":{"rotation":{"m11":-0.634278416633606,"m12":-0.7731031179428101,"m13":0.0015693982131779194,"m21":0.7730011940002441,"m22":-0.6341589093208313,"m23":0.017655985429883003,"m31":-0.012654649093747139,"m32":0.012411955744028091,"m33":0.9998429417610168},"translation":{"x":0,"y":0,"z":-240}}}},"visionDetect":{"nbDetected":0,"type":[0,0,0,0],"xc":[0,0,0,0],"yc":[0,0,0,0],"width":[0,0,0,0],"height":[0,0,0,0],"dist":[0,0,0,0],"orientationAngle":[0,0,0,0],"rotation":[{"m11":0,"m12":0,"m13":0,"m21":0,"m22":0,"m23":0,"m31":0,"m32":0,"m33":0},{"m11":0,"m12":0,"m13":0,"m21":0,"m22":0,"m23":0,"m31":0,"m32":0,"m33":0},{"m11":0,"m12":0,"m13":0,"m21":0,"m22":0,"m23":0,"m31":0,"m32":0,"m33":0},{"m11":0,"m12":0,"m13":0,"m21":0,"m22":0,"m23":0,"m31":0,"m32":0,"m33":0}],"translation":[{"x":0,"y":0,"z":0},{"x":0,"y":0,"z":0},{"x":0,"y":0,"z":0},{"x":0,"y":0,"z":0}],"cameraSource":[0,0,0,0]}},
{"header":1432778632,"droneState":{"flying":0,"videoEnabled":0,"visionEnabled":0,"controlAlgorithm":0,"altitudeControlAlgorithm":1,"startButtonState":0,"controlCommandAck":1,"cameraReady":1,"travellingEnabled":0,"usbReady":0,"navdataDemo":1,"navdataBootstrap":0,"motorProblem":0,"communicationLost":0,"softwareFault":0,"lowBattery":0,"userEmergencyLanding":0,"timerElapsed":0,"MagnometerNeedsCalibration":0,"anglesOutOfRange":0,"tooMuchWind":0,"ultrasonicSensorDeaf":0,"cutoutDetected":0,"picVersionNumberOk":1,"atCodecThreadOn":1,"navdataThreadOn":1,"videoThreadOn":1,"acquisitionThreadOn":1,"controlWatchdogDelay":0,"adcWatchdogDelay":0,"comWatchdogProblem":0,"emergencyLanding":0},"sequenceNumber":21224,"visionFlag":0,"demo":{"controlState":"CTRL_LANDED","flyState":"FLYING_OK","batteryPercentage":93,"rotation":{"frontBack":0.722,"pitch":0.722,"theta":0.722,"y":0.722,"leftRight":0.696,"roll":0.696,"phi":0.696,"x":0.696,"clockwise":129.326,"yaw":129.326,"psi":129.326,"z":129.326},"frontBackDegrees":0.722,"leftRightDegrees":0.696,"clockwiseDegrees":129.326,"altitude":0,"altitudeMeters":0,"velocity":{"x":0,"y":0,"z":0},"xVelocity":0,"yVelocity":0,"zVelocity":0,"frameIndex":0,"detection":{"camera":{"rotation":{"m11":0,"m12":0,"m13":0,"m21":0,"m22":0,"m23":0,"m31":0,"m32":0,"m33":0},"translation":{"x":0,"y":0,"z":0},"type":3},"tagIndex":0},"drone":{"camera":{"rotation":{"m11":-0.6336938738822937,"m12":-0.7735828161239624,"m13":0.0014186305925250053,"m21":0.7734813690185547,"m22":-0.6335787177085876,"m23":0.017459066584706306,"m31":-0.012607218697667122,"m32":0.012160984799265862,"m33":0.9998465776443481},"translation":{"x":0,"y":0,"z":-240}}}},"visionDetect":{"nbDetected":0,"type":[0,0,0,0],"xc":[0,0,0,0],"yc":[0,0,0,0],"width":[0,0,0,0],"height":[0,0,0,0],"dist":[0,0,0,0],"orientationAngle":[0,0,0,0],"rotation":[{"m11":0,"m12":0,"m13":0,"m21":0,"m22":0,"m23":0,"m31":0,"m32":0,"m33":0},{"m11":0,"m12":0,"m13":0,"m21":0,"m22":0,"m23":0,"m31":0,"m32":0,"m33":0},{"m11":0,"m12":0,"m13":0,"m21":0,"m22":0,"m23":0,"m31":0,"m32":0,"m33":0},{"m11":0,"m12":0,"m13":0,"m21":0,"m22":0,"m23":0,"m31":0,"m32":0,"m33":0}],"translation":[{"x":0,"y":0,"z":0},{"x":0,"y":0,"z":0},{"x":0,"y":0,"z":0},{"x":0,"y":0,"z":0}],"cameraSource":[0,0,0,0]}},
{"header":1432778632,"droneState":{"flying":0,"videoEnabled":0,"visionEnabled":0,"controlAlgorithm":0,"altitudeControlAlgorithm":1,"startButtonState":0,"controlCommandAck":1,"cameraReady":1,"travellingEnabled":0,"usbReady":0,"navdataDemo":1,"navdataBootstrap":0,"motorProblem":0,"communicationLost":0,"softwareFault":0,"lowBattery":0,"userEmergencyLanding":0,"timerElapsed":0,"MagnometerNeedsCalibration":0,"anglesOutOfRange":0,"tooMuchWind":0,"ultrasonicSensorDeaf":0,"cutoutDetected":0,"picVersionNumberOk":1,"atCodecThreadOn":1,"navdataThreadOn":1,"videoThreadOn":1,"acquisitionThreadOn":1,"controlWatchdogDelay":0,"adcWatchdogDelay":0,"comWatchdogProblem":0,"emergencyLanding":0},"sequenceNumber":21225,"visionFlag":0,"demo":{"controlState":"CTRL_LANDED","flyState":"FLYING_OK","batteryPercentage":93,"rotation":{"frontBack":0.721,"pitch":0.721,"theta":0.721,"y":0.721,"leftRight":0.683,"roll":0.683,"phi":0.683,"x":0.683,"clockwise":129.284,"yaw":129.284,"psi":129.284,"z":129.284},"frontBackDegrees":0.721,"leftRightDegrees":0.683,"clockwiseDegrees":129.284,"altitude":0,"altitudeMeters":0,"velocity":{"x":0,"y":0,"z":0},"xVelocity":0,"yVelocity":0,"zVelocity":0,"frameIndex":0,"detection":{"camera":{"rotation":{"m11":0,"m12":0,"m13":0,"m21":0,"m22":0,"m23":0,"m31":0,"m32":0,"m33":0},"translation":{"x":0,"y":0,"z":0},"type":3},"tagIndex":0},"drone":{"camera":{"rotation":{"m11":-0.6331243515014648,"m12":-0.7740492224693298,"m13":0.001264684833586216,"m21":0.7739478945732117,"m22":-0.6330131888389587,"m23":0.017294857650995255,"m31":-0.012586507946252823,"m32":0.011928592808544636,"m33":0.9998496174812317},"translation":{"x":0,"y":0,"z":-239}}}},"visionDetect":{"nbDetected":0,"type":[0,0,0,0],"xc":[0,0,0,0],"yc":[0,0,0,0],"width":[0,0,0,0],"height":[0,0,0,0],"dist":[0,0,0,0],"orientationAngle":[0,0,0,0],"rotation":[{"m11":0,"m12":0,"m13":0,"m21":0,"m22":0,"m23":0,"m31":0,"m32":0,"m33":0},{"m11":0,"m12":0,"m13":0,"m21":0,"m22":0,"m23":0,"m31":0,"m32":0,"m33":0},{"m11":0,"m12":0,"m13":0,"m21":0,"m22":0,"m23":0,"m31":0,"m32":0,"m33":0},{"m11":0,"m12":0,"m13":0,"m21":0,"m22":0,"m23":0,"m31":0,"m32":0,"m33":0}],"translation":[{"x":0,"y":0,"z":0},{"x":0,"y":0,"z":0},{"x":0,"y":0,"z":0},{"x":0,"y":0,"z":0}],"cameraSource":[0,0,0,0]}},
{"header":1432778632,"droneState":{"flying":0,"videoEnabled":0,"visionEnabled":0,"controlAlgorithm":0,"altitudeControlAlgorithm":1,"startButtonState":0,"controlCommandAck":1,"cameraReady":1,"travellingEnabled":0,"usbReady":0,"navdataDemo":1,"navdataBootstrap":0,"motorProblem":0,"communicationLost":0,"softwareFault":0,"lowBattery":0,"userEmergencyLanding":0,"timerElapsed":0,"MagnometerNeedsCalibration":0,"anglesOutOfRange":0,"tooMuchWind":0,"ultrasonicSensorDeaf":0,"cutoutDetected":0,"picVersionNumberOk":1,"atCodecThreadOn":1,"navdataThreadOn":1,"videoThreadOn":1,"acquisitionThreadOn":1,"controlWatchdogDelay":0,"adcWatchdogDelay":0,"comWatchdogProblem":0,"emergencyLanding":0},"sequenceNumber":21226,"visionFlag":0,"demo":{"controlState":"CTRL_LANDED","flyState":"FLYING_OK","batteryPercentage":93,"rotation":{"frontBack":0.732,"pitch":0.732,"theta":0.732,"y":0.732,"leftRight":0.669,"roll":0.669,"phi":0.669,"x":0.669,"clockwise":129.242,"yaw":129.242,"psi":129.242,"z":129.242},"frontBackDegrees":0.732,"leftRightDegrees":0.669,"clockwiseDegrees":129.242,"altitude":0,"altitudeMeters":0,"velocity":{"x":0,"y":0,"z":0},"xVelocity":0,"yVelocity":0,"zVelocity":0,"frameIndex":0,"detection":{"camera":{"rotation":{"m11":0,"m12":0,"m13":0,"m21":0,"m22":0,"m23":0,"m31":0,"m32":0,"m33":0},"translation":{"x":0,"y":0,"z":0},"type":3},"tagIndex":0},"drone":{"camera":{"rotation":{"m11":-0.6325569748878479,"m12":-0.774513304233551,"m13":0.0009688558056950569,"m21":0.7744084000587463,"m22":-0.6324496865272522,"m23":0.01729772426187992,"m31":-0.012784563936293125,"m32":0.011692086234688759,"m33":0.9998499155044556},"translation":{"x":0,"y":0,"z":-240}}}},"visionDetect":{"nbDetected":0,"type":[0,0,0,0],"xc":[0,0,0,0],"yc":[0,0,0,0],"width":[0,0,0,0],"height":[0,0,0,0],"dist":[0,0,0,0],"orientationAngle":[0,0,0,0],"rotation":[{"m11":0,"m12":0,"m13":0,"m21":0,"m22":0,"m23":0,"m31":0,"m32":0,"m33":0},{"m11":0,"m12":0,"m13":0,"m21":0,"m22":0,"m23":0,"m31":0,"m32":0,"m33":0},{"m11":0,"m12":0,"m13":0,"m21":0,"m22":0,"m23":0,"m31":0,"m32":0,"m33":0},{"m11":0,"m12":0,"m13":0,"m21":0,"m22":0,"m23":0,"m31":0,"m32":0,"m33":0}],"translation":[{"x":0,"y":0,"z":0},{"x":0,"y":0,"z":0},{"x":0,"y":0,"z":0},{"x":0,"y":0,"z":0}],"cameraSource":[0,0,0,0]}},
{"header":1432778632,"droneState":{"flying":0,"videoEnabled":0,"visionEnabled":0,"controlAlgorithm":0,"altitudeControlAlgorithm":1,"startButtonState":0,"controlCommandAck":1,"cameraReady":1,"travellingEnabled":0,"usbReady":0,"navdataDemo":1,"navdataBootstrap":0,"motorProblem":0,"communicationLost":0,"softwareFault":0,"lowBattery":0,"userEmergencyLanding":0,"timerElapsed":0,"MagnometerNeedsCalibration":0,"anglesOutOfRange":0,"tooMuchWind":0,"ultrasonicSensorDeaf":0,"cutoutDetected":0,"picVersionNumberOk":1,"atCodecThreadOn":1,"navdataThreadOn":1,"videoThreadOn":1,"acquisitionThreadOn":1,"controlWatchdogDelay":0,"adcWatchdogDelay":0,"comWatchdogProblem":0,"emergencyLanding":0},"sequenceNumber":21227,"visionFlag":0,"demo":{"controlState":"CTRL_LANDED","flyState":"FLYING_OK","batteryPercentage":93,"rotation":{"frontBack":0.728,"pitch":0.728,"theta":0.728,"y":0.728,"leftRight":0.663,"roll":0.663,"phi":0.663,"x":0.663,"clockwise":129.202,"yaw":129.202,"psi":129.202,"z":129.202},"frontBackDegrees":0.728,"leftRightDegrees":0.663,"clockwiseDegrees":129.202,"altitude":0,"altitudeMeters":0,"velocity":{"x":0,"y":0,"z":0},"xVelocity":0,"yVelocity":0,"zVelocity":0,"frameIndex":0,"detection":{"camera":{"rotation":{"m11":0,"m12":0,"m13":0,"m21":0,"m22":0,"m23":0,"m31":0,"m32":0,"m33":0},"translation":{"x":0,"y":0,"z":0},"type":3},"tagIndex":0},"drone":{"camera":{"rotation":{"m11":-0.6320134997367859,"m12":-0.7749570608139038,"m13":0.0009466833434998989,"m21":0.7748534679412842,"m22":-0.6319079995155334,"m23":0.017168916761875153,"m31":-0.012706954032182693,"m32":0.011584524065256119,"m33":0.999852180480957},"translation":{"x":0,"y":0,"z":-240}}}},"visionDetect":{"nbDetected":0,"type":[0,0,0,0],"xc":[0,0,0,0],"yc":[0,0,0,0],"width":[0,0,0,0],"height":[0,0,0,0],"dist":[0,0,0,0],"orientationAngle":[0,0,0,0],"rotation":[{"m11":0,"m12":0,"m13":0,"m21":0,"m22":0,"m23":0,"m31":0,"m32":0,"m33":0},{"m11":0,"m12":0,"m13":0,"m21":0,"m22":0,"m23":0,"m31":0,"m32":0,"m33":0},{"m11":0,"m12":0,"m13":0,"m21":0,"m22":0,"m23":0,"m31":0,"m32":0,"m33":0},{"m11":0,"m12":0,"m13":0,"m21":0,"m22":0,"m23":0,"m31":0,"m32":0,"m33":0}],"translation":[{"x":0,"y":0,"z":0},{"x":0,"y":0,"z":0},{"x":0,"y":0,"z":0},{"x":0,"y":0,"z":0}],"cameraSource":[0,0,0,0]}},
{"header":1432778632,"droneState":{"flying":0,"videoEnabled":0,"visionEnabled":0,"controlAlgorithm":0,"altitudeControlAlgorithm":1,"startButtonState":0,"controlCommandAck":1,"cameraReady":1,"travellingEnabled":0,"usbReady":0,"navdataDemo":1,"navdataBootstrap":0,"motorProblem":0,"communicationLost":0,"softwareFault":0,"lowBattery":0,"userEmergencyLanding":0,"timerElapsed":0,"MagnometerNeedsCalibration":0,"anglesOutOfRange":0,"tooMuchWind":0,"ultrasonicSensorDeaf":0,"cutoutDetected":0,"picVersionNumberOk":1,"atCodecThreadOn":1,"navdataThreadOn":1,"videoThreadOn":1,"acquisitionThreadOn":1,"controlWatchdogDelay":0,"adcWatchdogDelay":0,"comWatchdogProblem":0,"emergencyLanding":0},"sequenceNumber":21228,"visionFlag":0,"demo":{"controlState":"CTRL_LANDED","flyState":"FLYING_OK","batteryPercentage":93,"rotation":{"frontBack":0.728,"pitch":0.728,"theta":0.728,"y":0.728,"leftRight":0.707,"roll":0.707,"phi":0.707,"x":0.707,"clockwise":129.165,"yaw":129.165,"psi":129.165,"z":129.165},"frontBackDegrees":0.728,"leftRightDegrees":0.707,"clockwiseDegrees":129.165,"altitude":0,"altitudeMeters":0,"velocity":{"x":0,"y":0,"z":0},"xVelocity":0,"yVelocity":0,"zVelocity":0,"frameIndex":0,"detection":{"camera":{"rotation":{"m11":0,"m12":0,"m13":0,"m21":0,"m22":0,"m23":0,"m31":0,"m32":0,"m33":0},"translation":{"x":0,"y":0,"z":0},"type":3},"tagIndex":0},"drone":{"camera":{"rotation":{"m11":-0.6315051317214966,"m12":-0.7753702402114868,"m13":0.0015461305156350136,"m21":0.7752676010131836,"m22":-0.6313863396644592,"m23":0.017654938623309135,"m31":-0.012712907046079636,"m32":0.012347848154604435,"m33":0.9998429417610168},"translation":{"x":0,"y":0,"z":-240}}}},"visionDetect":{"nbDetected":0,"type":[0,0,0,0],"xc":[0,0,0,0],"yc":[0,0,0,0],"width":[0,0,0,0],"height":[0,0,0,0],"dist":[0,0,0,0],"orientationAngle":[0,0,0,0],"rotation":[{"m11":0,"m12":0,"m13":0,"m21":0,"m22":0,"m23":0,"m31":0,"m32":0,"m33":0},{"m11":0,"m12":0,"m13":0,"m21":0,"m22":0,"m23":0,"m31":0,"m32":0,"m33":0},{"m11":0,"m12":0,"m13":0,"m21":0,"m22":0,"m23":0,"m31":0,"m32":0,"m33":0},{"m11":0,"m12":0,"m13":0,"m21":0,"m22":0,"m23":0,"m31":0,"m32":0,"m33":0}],"translation":[{"x":0,"y":0,"z":0},{"x":0,"y":0,"z":0},{"x":0,"y":0,"z":0},{"x":0,"y":0,"z":0}],"cameraSource":[0,0,0,0]}},
{"header":1432778632,"droneState":{"flying":0,"videoEnabled":0,"visionEnabled":0,"controlAlgorithm":0,"altitudeControlAlgorithm":1,"startButtonState":0,"controlCommandAck":1,"cameraReady":1,"travellingEnabled":0,"usbReady":0,"navdataDemo":1,"navdataBootstrap":0,"motorProblem":0,"communicationLost":0,"softwareFault":0,"lowBattery":0,"userEmergencyLanding":0,"timerElapsed":0,"MagnometerNeedsCalibration":0,"anglesOutOfRange":0,"tooMuchWind":0,"ultrasonicSensorDeaf":0,"cutoutDetected":0,"picVersionNumberOk":1,"atCodecThreadOn":1,"navdataThreadOn":1,"videoThreadOn":1,"acquisitionThreadOn":1,"controlWatchdogDelay":0,"adcWatchdogDelay":0,"comWatchdogProblem":0,"emergencyLanding":0},"sequenceNumber":21229,"visionFlag":0,"demo":{"controlState":"CTRL_LANDED","flyState":"FLYING_OK","batteryPercentage":93,"rotation":{"frontBack":0.737,"pitch":0.737,"theta":0.737,"y":0.737,"leftRight":0.81,"roll":0.81,"phi":0.81,"x":0.81,"clockwise":129.13,"yaw":129.13,"psi":129.13,"z":129.13},"frontBackDegrees":0.737,"leftRightDegrees":0.81,"clockwiseDegrees":129.13,"altitude":0,"altitudeMeters":0,"velocity":{"x":0,"y":0,"z":0},"xVelocity":0,"yVelocity":0,"zVelocity":0,"frameIndex":0,"detection":{"camera":{"rotation":{"m11":0,"m12":0,"m13":0,"m21":0,"m22":0,"m23":0,"m31":0,"m32":0,"m33":0},"translation":{"x":0,"y":0,"z":0},"type":3},"tagIndex":0},"drone":{"camera":{"rotation":{"m11":-0.6310421824455261,"m12":-0.7757433652877808,"m13":0.0028517358005046844,"m21":0.7756417989730835,"m22":-0.6308900117874146,"m23":0.01891258731484413,"m31":-0.012872181832790375,"m32":0.014146563597023487,"m33":0.9998170733451843},"translation":{"x":0,"y":0,"z":-240}}}},"visionDetect":{"nbDetected":0,"type":[0,0,0,0],"xc":[0,0,0,0],"yc":[0,0,0,0],"width":[0,0,0,0],"height":[0,0,0,0],"dist":[0,0,0,0],"orientationAngle":[0,0,0,0],"rotation":[{"m11":0,"m12":0,"m13":0,"m21":0,"m22":0,"m23":0,"m31":0,"m32":0,"m33":0},{"m11":0,"m12":0,"m13":0,"m21":0,"m22":0,"m23":0,"m31":0,"m32":0,"m33":0},{"m11":0,"m12":0,"m13":0,"m21":0,"m22":0,"m23":0,"m31":0,"m32":0,"m33":0},{"m11":0,"m12":0,"m13":0,"m21":0,"m22":0,"m23":0,"m31":0,"m32":0,"m33":0}],"translation":[{"x":0,"y":0,"z":0},{"x":0,"y":0,"z":0},{"x":0,"y":0,"z":0},{"x":0,"y":0,"z":0}],"cameraSource":[0,0,0,0]}},
{"header":1432778632,"droneState":{"flying":0,"videoEnabled":0,"visionEnabled":0,"controlAlgorithm":0,"altitudeControlAlgorithm":1,"startButtonState":0,"controlCommandAck":1,"cameraReady":1,"travellingEnabled":0,"usbReady":0,"navdataDemo":1,"navdataBootstrap":0,"motorProblem":0,"communicationLost":0,"softwareFault":0,"lowBattery":0,"userEmergencyLanding":0,"timerElapsed":0,"MagnometerNeedsCalibration":0,"anglesOutOfRange":0,"tooMuchWind":0,"ultrasonicSensorDeaf":0,"cutoutDetected":0,"picVersionNumberOk":1,"atCodecThreadOn":1,"navdataThreadOn":1,"videoThreadOn":1,"acquisitionThreadOn":1,"controlWatchdogDelay":0,"adcWatchdogDelay":0,"comWatchdogProblem":0,"emergencyLanding":0},"sequenceNumber":21230,"visionFlag":0,"demo":{"controlState":"CTRL_LANDED","flyState":"FLYING_OK","batteryPercentage":93,"rotation":{"frontBack":0.607,"pitch":0.607,"theta":0.607,"y":0.607,"leftRight":0.812,"roll":0.812,"phi":0.812,"x":0.812,"clockwise":129.013,"yaw":129.013,"psi":129.013,"z":129.013},"frontBackDegrees":0.607,"leftRightDegrees":0.812,"clockwiseDegrees":129.013,"altitude":0,"altitudeMeters":0,"velocity":{"x":0,"y":0,"z":0},"xVelocity":0,"yVelocity":0,"zVelocity":0,"frameIndex":0,"detection":{"camera":{"rotation":{"m11":0,"m12":0,"m13":0,"m21":0,"m22":0,"m23":0,"m31":0,"m32":0,"m33":0},"translation":{"x":0,"y":0,"z":0},"type":3},"tagIndex":0},"drone":{"camera":{"rotation":{"m11":-0.6294712424278259,"m12":-0.777011513710022,"m13":0.004347031470388174,"m21":0.7769513130187988,"m22":-0.6293264031410217,"m23":0.017169645056128502,"m31":-0.010605311021208763,"m32":0.014185230247676373,"m33":0.9998431205749512},"translation":{"x":0,"y":0,"z":-240}}}},"visionDetect":{"nbDetected":0,"type":[0,0,0,0],"xc":[0,0,0,0],"yc":[0,0,0,0],"width":[0,0,0,0],"height":[0,0,0,0],"dist":[0,0,0,0],"orientationAngle":[0,0,0,0],"rotation":[{"m11":0,"m12":0,"m13":0,"m21":0,"m22":0,"m23":0,"m31":0,"m32":0,"m33":0},{"m11":0,"m12":0,"m13":0,"m21":0,"m22":0,"m23":0,"m31":0,"m32":0,"m33":0},{"m11":0,"m12":0,"m13":0,"m21":0,"m22":0,"m23":0,"m31":0,"m32":0,"m33":0},{"m11":0,"m12":0,"m13":0,"m21":0,"m22":0,"m23":0,"m31":0,"m32":0,"m33":0}],"translation":[{"x":0,"y":0,"z":0},{"x":0,"y":0,"z":0},{"x":0,"y":0,"z":0},{"x":0,"y":0,"z":0}],"cameraSource":[0,0,0,0]}},
{"header":1432778632,"droneState":{"flying":0,"videoEnabled":0,"visionEnabled":0,"controlAlgorithm":0,"altitudeControlAlgorithm":1,"startButtonState":0,"controlCommandAck":1,"cameraReady":1,"travellingEnabled":0,"usbReady":0,"navdataDemo":1,"navdataBootstrap":0,"motorProblem":0,"communicationLost":0,"softwareFault":0,"lowBattery":0,"userEmergencyLanding":0,"timerElapsed":0,"MagnometerNeedsCalibration":0,"anglesOutOfRange":0,"tooMuchWind":0,"ultrasonicSensorDeaf":0,"cutoutDetected":0,"picVersionNumberOk":1,"atCodecThreadOn":1,"navdataThreadOn":1,"videoThreadOn":1,"acquisitionThreadOn":1,"controlWatchdogDelay":0,"adcWatchdogDelay":0,"comWatchdogProblem":0,"emergencyLanding":0},"sequenceNumber":21231,"visionFlag":0,"demo":{"controlState":"CTRL_LANDED","flyState":"FLYING_OK","batteryPercentage":93,"rotation":{"frontBack":0.191,"pitch":0.191,"theta":0.191,"y":0.191,"leftRight":1.037,"roll":1.037,"phi":1.037,"x":1.037,"clockwise":128.928,"yaw":128.928,"psi":128.928,"z":128.928},"frontBackDegrees":0.191,"leftRightDegrees":1.037,"clockwiseDegrees":128.928,"altitude":0,"altitudeMeters":0,"velocity":{"x":0,"y":0,"z":0},"xVelocity":0,"yVelocity":0,"zVelocity":0,"frameIndex":0,"detection":{"camera":{"rotation":{"m11":0,"m12":0,"m13":0,"m21":0,"m22":0,"m23":0,"m31":0,"m32":0,"m33":0},"translation":{"x":0,"y":0,"z":0},"type":3},"tagIndex":0},"drone":{"camera":{"rotation":{"m11":-0.6283495426177979,"m12":-0.7778385877609253,"m13":0.011988386511802673,"m21":0.7779238224029541,"m22":-0.6282027959823608,"m23":0.013983100652694702,"m31":-0.003345455974340439,"m32":0.01811232790350914,"m33":0.9998303651809692},"translation":{"x":0,"y":0,"z":-240}}}},"visionDetect":{"nbDetected":0,"type":[0,0,0,0],"xc":[0,0,0,0],"yc":[0,0,0,0],"width":[0,0,0,0],"height":[0,0,0,0],"dist":[0,0,0,0],"orientationAngle":[0,0,0,0],"rotation":[{"m11":0,"m12":0,"m13":0,"m21":0,"m22":0,"m23":0,"m31":0,"m32":0,"m33":0},{"m11":0,"m12":0,"m13":0,"m21":0,"m22":0,"m23":0,"m31":0,"m32":0,"m33":0},{"m11":0,"m12":0,"m13":0,"m21":0,"m22":0,"m23":0,"m31":0,"m32":0,"m33":0},{"m11":0,"m12":0,"m13":0,"m21":0,"m22":0,"m23":0,"m31":0,"m32":0,"m33":0}],"translation":[{"x":0,"y":0,"z":0},{"x":0,"y":0,"z":0},{"x":0,"y":0,"z":0},{"x":0,"y":0,"z":0}],"cameraSource":[0,0,0,0]}},
